Umid,TempDHT,Press,Tempbmp,Altitud,TempMedia,Dt,Tempo
50,22,990.40,23.38,-169.38,22.69,1,2620
50,22,990.41,23.36,-169.44,22.68,2,3743
50,22,990.41,23.34,-169.45,22.67,4,5138
50,22,990.41,23.33,-169.46,22.67,5,6260
50,22,990.41,23.31,-169.46,22.65,6,7654
50,22,990.41,23.30,-169.48,22.65,7,8777
50,22,990.41,23.29,-169.49,22.65,9,10172
50,22,990.41,23.29,-169.49,22.65,10,11295
50,22,990.41,23.28,-169.49,22.64,11,12691
50,22,990.41,23.27,-169.46,22.64,12,13816
50,22,990.41,23.27,-169.47,22.64,14,15213
50,22,990.41,23.27,-169.47,22.64,15,16337
50,22,990.41,23.26,-169.45,22.63,16,17733
50,22,990.41,23.26,-169.48,22.63,17,18859
50,22,990.41,23.26,-169.46,22.63,19,20254
50,22,990.41,23.26,-169.45,22.63,20,21380
50,22,990.41,23.25,-169.46,22.63,21,22775
50,22,990.41,23.25,-169.48,22.63,22,23900
50,22,990.41,23.25,-169.46,22.63,24,25295
50,22,990.41,23.25,-169.45,22.63,25,26421
51,22,990.41,23.25,-169.45,22.63,26,27817
51,22,990.40,23.25,-169.42,22.63,27,28942
51,22,990.40,23.25,-169.42,22.63,29,30338
51,22,990.40,23.25,-169.39,22.63,30,31463
51,22,990.41,23.25,-169.43,22.63,31,-32677
51,22,990.41,23.25,-169.43,22.63,33,-31551
51,22,990.40,23.24,-169.40,22.62,34,-30153
51,22,990.40,23.24,-169.42,22.62,35,-29028
51,22,990.41,23.24,-169.46,22.62,36,-27631
51,22,990.41,23.24,-169.45,22.62,38,-26505
51,22,990.41,23.24,-169.46,22.62,39,-25108
51,22,990.41,23.24,-169.46,22.62,40,-23982
50,22,990.40,23.24,-169.42,22.62,41,-22584
50,22,990.40,23.24,-169.42,22.62,43,-21458
50,22,990.41,23.24,-169.43,22.62,44,-20062
50,22,990.41,23.24,-169.45,22.62,45,-18934
50,22,990.41,23.24,-169.46,22.62,47,-17536
50,22,990.41,23.24,-169.48,22.62,48,-16411
50,22,990.41,23.24,-169.48,22.62,49,-15014
50,22,990.41,23.24,-169.48,22.62,50,-13888
50,22,990.41,23.24,-169.43,22.62,52,-12491
50,22,990.40,23.24,-169.42,22.62,53,-11366
51,22,990.40,23.24,-169.42,22.62,54,-9968
51,22,990.41,23.24,-169.43,22.62,55,-8844
50,22,990.40,23.24,-169.42,22.62,57,-7448
50,22,990.41,23.24,-169.43,22.62,58,-6323
50,22,990.41,23.24,-169.43,22.62,59,-4926
50,22,990.41,23.24,-169.45,22.62,60,-3802
50,22,990.41,23.24,-169.45,22.62,62,-2406
50,22,990.41,23.24,-169.49,22.62,63,-1280
50,22,990.41,23.24,-169.46,22.62,64,115
50,22,990.41,23.24,-169.46,22.62,65,1238
50,22,990.41,23.24,-169.45,22.62,67,2632
50,22,990.41,23.24,-169.45,22.62,68,3757
50,22,990.40,23.24,-169.42,22.62,69,5151
50,22,990.40,23.24,-169.42,22.62,70,6276
50,22,990.40,23.24,-169.42,22.62,72,7670
50,22,990.41,23.24,-169.45,22.62,73,8794
50,22,990.41,23.24,-169.48,22.62,74,10188
50,22,990.41,23.24,-169.48,22.62,75,11314
50,22,990.41,23.24,-169.48,22.62,77,12710
50,22,990.41,23.24,-169.45,22.62,78,13835
50,22,990.41,23.24,-169.45,22.62,79,15230
50,22,990.41,23.24,-169.46,22.62,80,16356
50,22,990.41,23.24,-169.46,22.62,82,17753
50,22,990.41,23.24,-169.48,22.62,83,18877
50,22,990.41,23.25,-169.49,22.63,84,20273
50,22,990.41,23.25,-169.48,22.63,85,21398
50,22,990.41,23.25,-169.46,22.63,87,22794
50,22,990.41,23.25,-169.48,22.63,88,23919
50,22,990.42,23.25,-169.54,22.63,89,25316
50,22,990.42,23.25,-169.52,22.63,91,26440
50,22,990.41,23.25,-169.51,22.63,92,27836
50,22,990.41,23.25,-169.49,22.63,93,28961
50,22,990.42,23.25,-169.52,22.63,94,30358
50,22,990.41,23.25,-169.48,22.63,96,31482
50,22,990.41,23.25,-169.48,22.63,97,-32658
50,22,990.41,23.25,-169.46,22.63,98,-31532
50,22,990.41,23.25,-169.45,22.63,99,-30135
50,22,990.41,23.25,-169.45,22.63,101,-29008
50,22,990.41,23.25,-169.46,22.63,102,-27610
50,22,990.41,23.25,-169.46,22.63,103,-26483
50,22,990.41,23.25,-169.45,22.63,105,-25085
50,22,990.41,23.25,-169.46,22.63,106,-23958
50,22,990.41,23.25,-169.46,22.63,107,-22559
50,22,990.41,23.25,-169.48,22.63,108,-21432
50,22,990.41,23.25,-169.49,22.63,110,-20033
50,22,990.41,23.25,-169.46,22.63,111,-18907
50,22,990.40,23.25,-169.42,22.63,112,-17508
50,22,990.40,23.25,-169.39,22.63,113,-16381
50,22,990.40,23.25,-169.39,22.63,115,-14984
50,22,990.40,23.25,-169.38,22.63,116,-13856
50,22,990.40,23.25,-169.34,22.63,117,-12457
50,22,990.39,23.25,-169.33,22.63,118,-11331
50,22,990.39,23.25,-169.31,22.63,120,-9933
50,22,990.39,23.25,-169.31,22.63,121,-8807
50,22,990.39,23.25,-169.30,22.63,122,-7410
50,22,990.40,23.25,-169.34,22.63,123,-6284
50,22,990.40,23.25,-169.36,22.63,125,-4886
50,22,990.40,23.25,-169.36,22.63,126,-3761
50,22,990.40,23.25,-169.38,22.63,127,-2364
50,22,990.40,23.25,-169.36,22.63,128,-1237
50,22,990.40,23.26,-169.39,22.63,130,159
50,22,990.40,23.26,-169.38,22.63,131,1283
50,22,990.40,23.26,-169.34,22.63,132,2679
50,22,990.40,23.26,-169.36,22.63,133,3804
50,22,990.40,23.26,-169.38,22.63,135,5199
50,22,990.40,23.26,-169.39,22.63,136,6325
50,22,990.40,23.26,-169.39,22.63,137,7721
50,22,990.40,23.26,-169.41,22.63,138,8846
50,22,990.40,23.26,-169.42,22.63,140,10242
50,22,990.40,23.26,-169.41,22.63,141,11368
50,22,990.40,23.25,-169.38,22.63,142,12766
50,22,990.40,23.25,-169.41,22.63,144,13891
50,22,990.40,23.25,-169.41,22.63,145,15288
50,22,990.40,23.25,-169.39,22.63,146,16414
50,22,990.40,23.25,-169.38,22.63,147,17811
50,22,990.40,23.25,-169.36,22.63,149,18937
50,22,990.40,23.25,-169.36,22.63,150,20335
50,22,990.40,23.25,-169.38,22.63,151,21460
50,22,990.40,23.25,-169.39,22.63,152,22857
50,22,990.40,23.25,-169.39,22.63,154,23984
50,22,990.40,23.25,-169.34,22.63,155,25380
50,22,990.40,23.25,-169.34,22.63,156,26506
50,22,990.40,23.25,-169.38,22.63,158,27904
50,22,990.40,23.25,-169.38,22.63,159,29029
50,22,990.40,23.25,-169.36,22.63,160,30426
50,22,990.39,23.25,-169.33,22.63,161,31552
50,22,990.39,23.25,-169.33,22.63,163,-32586
50,22,990.39,23.25,-169.33,22.63,164,-31460
50,22,990.39,23.25,-169.33,22.63,165,-30062
50,22,990.40,23.25,-169.34,22.63,166,-28935
50,22,990.40,23.26,-169.39,22.63,168,-27537
50,22,990.40,23.26,-169.39,22.63,169,-26409
50,22,990.40,23.26,-169.38,22.63,170,-25011
50,22,990.40,23.26,-169.38,22.63,171,-23884
50,22,990.40,23.25,-169.39,22.63,173,-22487
50,22,990.39,23.25,-169.33,22.63,174,-21359
50,22,990.40,23.26,-169.38,22.63,175,-19961
50,22,990.40,23.26,-169.39,22.63,176,-18834
50,22,990.40,23.26,-169.38,22.63,178,-17435
50,22,990.40,23.26,-169.34,22.63,179,-16309
50,22,990.39,23.26,-169.33,22.63,180,-14911
50,22,990.40,23.26,-169.34,22.63,181,-13784
50,22,990.40,23.26,-169.36,22.63,183,-12386
50,22,990.40,23.25,-169.34,22.63,184,-11259
50,22,990.40,23.25,-169.36,22.63,185,-9861
50,22,990.40,23.25,-169.39,22.63,186,-8735
50,22,990.40,23.25,-169.36,22.63,188,-7338
50,22,990.40,23.25,-169.39,22.63,189,-6212
50,22,990.40,23.25,-169.37,22.63,190,-4814
50,22,990.40,23.25,-169.36,22.63,191,-3689
50,22,990.40,23.25,-169.39,22.63,193,-2292
50,22,990.40,23.25,-169.37,22.63,194,-1166
50,22,990.40,23.25,-169.36,22.63,195,231
50,22,990.40,23.25,-169.38,22.63,197,1355
50,22,990.40,23.25,-169.39,22.63,198,2751
50,22,990.40,23.25,-169.39,22.63,199,3875
50,22,990.40,23.25,-169.41,22.63,200,5271
50,22,990.40,23.25,-169.41,22.63,202,6396
50,22,990.40,23.25,-169.42,22.63,203,7793
50,22,990.41,23.25,-169.43,22.63,204,8918
50,22,990.40,23.25,-169.42,22.63,205,10313
50,22,990.40,23.25,-169.39,22.63,207,11440
50,22,990.40,23.25,-169.39,22.63,208,12836
50,22,990.40,23.25,-169.40,22.63,209,13963
50,22,990.40,23.25,-169.40,22.63,211,15360
50,22,990.40,23.25,-169.40,22.63,212,16485
50,22,990.40,23.25,-169.40,22.63,213,17882
50,22,990.40,23.25,-169.40,22.63,214,19008
50,22,990.40,23.25,-169.40,22.63,216,20406
50,22,990.40,23.25,-169.39,22.63,217,21531
50,22,990.40,23.25,-169.39,22.63,218,22928
50,22,990.40,23.25,-169.39,22.63,219,24054
50,22,990.40,23.25,-169.39,22.63,221,25451
50,22,990.40,23.25,-169.36,22.63,222,26577
50,22,990.40,23.25,-169.37,22.63,223,27975
50,22,990.40,23.25,-169.38,22.63,224,29101
50,22,990.40,23.25,-169.38,22.63,226,30497
50,22,990.40,23.25,-169.39,22.63,227,31642
50,22,990.40,23.25,-169.39,22.63,228,-32497
50,22,990.40,23.25,-169.38,22.63,229,-31370
50,22,990.40,23.26,-169.41,22.63,231,-29971
50,22,990.40,23.26,-169.42,22.63,232,-28845
50,22,990.40,23.26,-169.42,22.63,233,-27447
50,22,990.40,23.26,-169.42,22.63,234,-26319
50,22,990.40,23.26,-169.42,22.63,236,-24922
50,22,990.40,23.26,-169.41,22.63,237,-23794
50,22,990.41,23.26,-169.42,22.63,238,-22395
50,22,990.40,23.26,-169.42,22.63,239,-21269
50,22,990.40,23.26,-169.39,22.63,241,-19871
50,22,990.40,23.26,-169.39,22.63,242,-18744
50,22,990.40,23.26,-169.39,22.63,243,-17346
50,22,990.40,23.25,-169.34,22.63,244,-16219
50,22,990.40,23.26,-169.38,22.63,246,-14821
50,22,990.40,23.26,-169.38,22.63,247,-13694
50,22,990.40,23.25,-169.34,22.63,248,-12297
50,22,990.40,23.25,-169.36,22.63,250,-11169
50,22,990.40,23.25,-169.34,22.63,251,-9772
50,22,990.39,23.25,-169.33,22.63,252,-8646
50,22,990.39,23.25,-169.33,22.63,253,-7248
50,22,990.40,23.25,-169.36,22.63,255,-6123
50,22,990.40,23.25,-169.36,22.63,256,-4726
50,22,990.40,23.25,-169.36,22.63,257,-3600
50,22,990.40,23.25,-169.38,22.63,258,-2202
50,22,990.39,23.25,-169.33,22.63,260,-1077
50,22,990.40,23.25,-169.36,22.63,261,320
50,22,990.40,23.25,-169.37,22.63,262,1444
50,22,990.40,23.25,-169.42,22.63,264,2840
50,22,990.40,23.25,-169.42,22.63,265,3964
50,22,990.40,23.25,-169.39,22.63,266,5360
50,22,990.40,23.25,-169.39,22.63,267,6486
50,22,990.40,23.25,-169.36,22.63,269,7881
50,22,990.40,23.25,-169.36,22.63,270,9007
50,22,990.40,23.25,-169.36,22.63,271,10403
50,22,990.40,23.25,-169.36,22.63,272,11529
50,22,990.40,23.25,-169.36,22.63,274,12925
50,22,990.40,23.25,-169.36,22.63,275,14052
50,22,990.40,23.25,-169.34,22.63,276,15450
50,22,990.40,23.25,-169.37,22.63,277,16575
50,22,990.40,23.25,-169.36,22.63,279,17972
50,22,990.40,23.25,-169.37,22.63,280,19098
50,22,990.40,23.25,-169.37,22.63,281,20495
50,22,990.40,23.25,-169.34,22.63,282,21621
50,22,990.40,23.25,-169.34,22.63,284,23019
50,22,990.40,23.25,-169.36,22.63,285,24144
50,22,990.40,23.25,-169.36,22.63,286,25541
50,22,990.39,23.25,-169.33,22.63,287,26668
50,22,990.39,23.25,-169.33,22.63,289,28065
50,22,990.40,23.25,-169.36,22.63,290,29191
50,22,990.40,23.25,-169.37,22.63,291,30588
50,22,990.40,23.25,-169.36,22.63,292,31714
50,22,990.40,23.25,-169.36,22.63,294,-32425
50,22,990.40,23.25,-169.37,22.63,295,-31298
50,22,990.40,23.25,-169.39,22.63,296,-29899
50,22,990.40,23.25,-169.40,22.63,297,-28773
50,22,990.40,23.25,-169.42,22.63,299,-27375
50,22,990.40,23.25,-169.42,22.63,300,-26248
50,22,990.41,23.25,-169.43,22.63,301,-24850
50,22,990.41,23.25,-169.45,22.63,302,-23722
50,22,990.41,23.25,-169.46,22.63,304,-22324
50,22,990.41,23.25,-169.46,22.63,305,-21197
50,22,990.41,23.25,-169.46,22.63,306,-19800
50,22,990.41,23.25,-169.46,22.63,308,-18672
50,22,990.41,23.25,-169.49,22.63,309,-17274
50,22,990.41,23.25,-169.46,22.63,310,-16147
50,22,990.41,23.25,-169.48,22.63,311,-14748
50,22,990.41,23.25,-169.48,22.63,313,-13622
50,22,990.41,23.25,-169.46,22.63,314,-12224
50,22,990.41,23.25,-169.48,22.63,315,-11097
50,22,990.41,23.25,-169.48,22.63,317,-9699
50,22,990.41,23.25,-169.49,22.63,318,-8573
50,22,990.41,23.25,-169.51,22.63,319,-7176
50,22,990.41,23.25,-169.48,22.63,320,-6050
50,22,990.41,23.25,-169.46,22.63,322,-4654
50,22,990.41,23.25,-169.48,22.63,323,-3527
50,22,990.41,23.25,-169.51,22.63,324,-2129
50,22,990.41,23.25,-169.51,22.63,325,-1004
50,22,990.41,23.25,-169.49,22.63,327,393
50,22,990.41,23.25,-169.49,22.63,328,1517
50,22,990.41,23.25,-169.46,22.63,329,2913
50,22,990.41,23.25,-169.48,22.63,330,4037
50,22,990.41,23.26,-169.48,22.63,332,5434
50,22,990.41,23.26,-169.48,22.63,333,6558
50,22,990.41,23.26,-169.48,22.63,334,7954
50,22,990.41,23.26,-169.51,22.63,335,9079
50,22,990.42,23.26,-169.54,22.63,337,10476
50,22,990.42,23.26,-169.52,22.63,338,11601
51,22,990.42,23.26,-169.54,22.63,339,12998
51,22,990.42,23.26,-169.55,22.63,340,14125
51,22,990.42,23.26,-169.55,22.63,342,15521
51,22,990.42,23.26,-169.54,22.63,343,16648
51,22,990.42,23.26,-169.55,22.63,344,18045
51,22,990.42,23.26,-169.55,22.63,345,19171
51,22,990.42,23.26,-169.53,22.63,347,20569
51,22,990.41,23.26,-169.50,22.63,348,21694
51,22,990.41,23.26,-169.48,22.63,349,23091
51,22,990.41,23.27,-169.49,22.64,350,24217
51,22,990.41,23.27,-169.45,22.64,352,25614
51,22,990.41,23.27,-169.44,22.64,353,26739
51,22,990.41,23.27,-169.43,22.64,354,28137
51,22,990.40,23.27,-169.41,22.64,355,29262
50,22,990.40,23.27,-169.40,22.64,357,30659
50,22,990.40,23.27,-169.38,22.64,358,31785
50,22,990.40,23.27,-169.40,22.64,359,-32353
50,22,990.40,23.27,-169.40,22.64,361,-31226
50,22,990.41,23.27,-169.43,22.64,362,-29828
50,22,990.41,23.27,-169.43,22.64,363,-28701
50,22,990.41,23.27,-169.44,22.64,364,-27303
50,22,990.41,23.27,-169.44,22.64,366,-26176
50,22,990.41,23.27,-169.43,22.64,367,-24777
50,22,990.40,23.27,-169.41,22.64,368,-23651
50,22,990.40,23.27,-169.41,22.64,370,-22253
50,22,990.40,23.27,-169.40,22.64,371,-21126
50,22,990.41,23.27,-169.43,22.64,372,-19728
50,22,990.41,23.27,-169.44,22.64,373,-18600
50,22,990.41,23.27,-169.43,22.64,375,-17202
50,22,990.40,23.27,-169.39,22.64,376,-16075
50,22,990.40,23.27,-169.35,22.64,377,-14677
50,22,990.40,23.27,-169.35,22.64,378,-13550
50,22,990.39,23.27,-169.32,22.64,380,-12152
50,22,990.40,23.27,-169.39,22.64,381,-11025
50,22,990.40,23.27,-169.39,22.64,382,-9626
50,22,990.40,23.27,-169.37,22.64,383,-8501
50,22,990.40,23.28,-169.37,22.64,385,-7104
50,22,990.40,23.27,-169.35,22.64,386,-5978
50,22,990.40,23.28,-169.37,22.64,387,-4581
50,22,990.40,23.28,-169.35,22.64,388,-3454
50,22,990.40,23.28,-169.34,22.64,390,-2057
50,22,990.40,23.28,-169.40,22.64,391,-931
50,22,990.40,23.28,-169.39,22.64,392,464
50,22,990.40,23.28,-169.39,22.64,393,1589
50,22,990.41,23.28,-169.43,22.64,395,2984
50,22,990.40,23.28,-169.40,22.64,396,4109
50,22,990.40,23.28,-169.42,22.64,397,5506
50,22,990.41,23.28,-169.46,22.64,398,6630
50,22,990.41,23.28,-169.46,22.64,400,8026
50,22,990.41,23.28,-169.48,22.64,401,9151
50,22,990.41,23.28,-169.46,22.64,402,10548
50,22,990.41,23.28,-169.45,22.64,403,11673
50,22,990.41,23.29,-169.48,22.65,405,13070
50,22,990.41,23.29,-169.46,22.65,406,14196
50,22,990.41,23.29,-169.43,22.65,407,15593
50,22,990.41,23.29,-169.43,22.65,408,16719
50,22,990.41,23.29,-169.43,22.65,410,18117
50,22,990.41,23.29,-169.44,22.65,411,19243
50,22,990.41,23.29,-169.44,22.65,412,20639
50,22,990.41,23.29,-169.46,22.65,414,21766
50,22,990.41,23.29,-169.48,22.65,415,23162
50,22,990.41,23.29,-169.48,22.65,416,24288
50,22,990.41,23.28,-169.46,22.64,417,25686
50,22,990.41,23.28,-169.48,22.64,419,26811
50,22,990.42,23.28,-169.52,22.64,420,28208
50,22,990.42,23.28,-169.53,22.64,421,29334
50,22,990.42,23.28,-169.57,22.64,422,30731
50,22,990.42,23.28,-169.58,22.64,424,31856
50,22,990.42,23.28,-169.57,22.64,425,-32282
50,22,990.42,23.28,-169.58,22.64,426,-31156
51,22,990.42,23.28,-169.57,22.64,428,-29758
51,22,990.42,23.28,-169.53,22.64,429,-28631
51,22,990.42,23.28,-169.55,22.64,430,-27233
51,22,990.42,23.27,-169.54,22.64,431,-26106
51,22,990.42,23.27,-169.51,22.64,433,-24708
51,22,990.41,23.27,-169.49,22.64,434,-23581
51,22,990.41,23.26,-169.45,22.63,435,-22183
51,22,990.40,23.26,-169.42,22.63,436,-21056
51,22,990.41,23.26,-169.44,22.63,438,-19658
51,22,990.41,23.26,-169.45,22.63,439,-18531
51,22,990.40,23.26,-169.41,22.63,440,-17132
51,22,990.40,23.26,-169.42,22.63,441,-16006
51,22,990.41,23.26,-169.43,22.63,443,-14607
51,22,990.41,23.26,-169.45,22.63,444,-13480
51,22,990.40,23.26,-169.42,22.63,445,-12083
51,22,990.40,23.26,-169.41,22.63,446,-10955
51,22,990.40,23.26,-169.41,22.63,448,-9557
51,22,990.40,23.26,-169.42,22.63,449,-8431
51,22,990.40,23.26,-169.42,22.63,450,-7033
51,22,990.40,23.26,-169.42,22.63,451,-5908
51,22,990.40,23.25,-169.39,22.63,453,-4510
51,22,990.40,23.25,-169.39,22.63,454,-3385
51,22,990.41,23.25,-169.43,22.63,455,-1988
51,22,990.40,23.25,-169.42,22.63,456,-862
51,22,990.40,23.25,-169.41,22.63,458,535
51,22,990.40,23.25,-169.41,22.63,459,1658
51,22,990.40,23.25,-169.38,22.63,460,3055
51,22,990.40,23.25,-169.39,22.63,461,4179
51,22,990.40,23.25,-169.38,22.63,463,5575
51,22,990.40,23.25,-169.36,22.63,464,6701
50,22,990.40,23.25,-169.36,22.63,465,8097
50,22,990.40,23.25,-169.36,22.63,467,9222
50,22,990.40,23.26,-169.38,22.63,468,10617
50,22,990.40,23.25,-169.38,22.63,469,11744
50,22,990.40,23.25,-169.38,22.63,470,13140
50,22,990.40,23.25,-169.38,22.63,472,14267
50,22,990.40,23.26,-169.38,22.63,473,15664
50,22,990.40,23.26,-169.34,22.63,474,16789
50,22,990.40,23.26,-169.38,22.63,475,18186
50,22,990.40,23.26,-169.38,22.63,477,19312
50,22,990.40,23.26,-169.38,22.63,478,20710
50,22,990.40,23.26,-169.41,22.63,479,21835
50,22,990.40,23.26,-169.41,22.63,481,23232
50,22,990.40,23.26,-169.41,22.63,482,24358
50,22,990.40,23.26,-169.41,22.63,483,25755
50,22,990.40,23.26,-169.42,22.63,484,26882
50,22,990.41,23.26,-169.44,22.63,486,28279
50,22,990.41,23.26,-169.44,22.63,487,29405
50,22,990.41,23.26,-169.45,22.63,488,30801
50,22,990.41,23.26,-169.46,22.63,489,31928
50,22,990.41,23.26,-169.46,22.63,491,-32211
50,22,990.41,23.26,-169.50,22.63,492,-31085
50,22,990.41,23.26,-169.48,22.63,493,-29686
50,22,990.41,23.26,-169.50,22.63,494,-28560
50,22,990.41,23.26,-169.50,22.63,496,-27162
50,22,990.41,23.26,-169.49,22.63,497,-26035
50,22,990.41,23.25,-169.48,22.63,498,-24636
50,22,990.41,23.25,-169.51,22.63,499,-23484
50,22,990.41,23.25,-169.46,22.63,501,-22086
50,22,990.41,23.25,-169.48,22.63,502,-20959
50,22,990.41,23.25,-169.49,22.63,503,-19560
50,22,990.41,23.25,-169.49,22.63,504,-18434
50,22,990.41,23.25,-169.48,22.63,506,-17036
50,22,990.41,23.25,-169.43,22.63,507,-15908
50,22,990.40,23.25,-169.40,22.63,508,-14511
50,22,990.40,23.25,-169.42,22.63,509,-13384
50,22,990.40,23.25,-169.40,22.63,511,-11985
50,22,990.40,23.25,-169.39,22.63,512,-10859
50,22,990.40,23.25,-169.36,22.63,513,-9461
50,22,990.39,23.25,-169.33,22.63,514,-8335
50,22,990.40,23.25,-169.36,22.63,516,-6937
50,22,990.40,23.25,-169.36,22.63,517,-5812
50,22,990.40,23.25,-169.36,22.63,518,-4415
50,22,990.40,23.25,-169.36,22.63,520,-3289
50,22,990.39,23.25,-169.30,22.63,521,-1892
50,22,990.39,23.25,-169.30,22.63,522,-765
50,22,990.39,23.25,-169.30,22.63,523,631
50,22,990.39,23.25,-169.30,22.63,525,1755
50,22,990.40,23.25,-169.34,22.63,526,3150
50,22,990.39,23.25,-169.31,22.63,527,4276
50,22,990.39,23.26,-169.32,22.63,528,5672
50,22,990.39,23.26,-169.29,22.63,530,6797
50,22,990.39,23.26,-169.32,22.63,531,8193
50,22,990.39,23.26,-169.32,22.63,532,9318
50,22,990.39,23.26,-169.32,22.63,534,10714
50,22,990.40,23.26,-169.34,22.63,535,11840
50,22,990.40,23.26,-169.35,22.63,536,13237
50,22,990.40,23.26,-169.35,22.63,537,14362
50,22,990.39,23.26,-169.33,22.63,539,15759
50,22,990.39,23.26,-169.30,22.63,540,16885
50,22,990.39,23.26,-169.30,22.63,541,18283
50,22,990.39,23.27,-169.34,22.64,542,19408
50,22,990.39,23.27,-169.32,22.64,544,20805
50,22,990.39,23.27,-169.32,22.64,545,21932
50,22,990.39,23.27,-169.31,22.64,546,23328
50,22,990.40,23.27,-169.34,22.64,547,24455
50,22,990.39,23.27,-169.32,22.64,549,25852
50,22,990.39,23.27,-169.31,22.64,550,26978
50,22,990.39,23.27,-169.30,22.64,551,28375
50,22,990.39,23.27,-169.28,22.64,552,29501
50,22,990.39,23.27,-169.26,22.64,554,30898
50,22,990.39,23.27,-169.28,22.64,555,32023
50,22,990.39,23.28,-169.30,22.64,556,-32115
50,22,990.39,23.28,-169.30,22.64,557,-30989
50,22,990.39,23.28,-169.30,22.64,559,-29591
50,22,990.39,23.28,-169.27,22.64,560,-28464
50,22,990.39,23.28,-169.27,22.64,561,-27065
50,22,990.39,23.28,-169.28,22.64,562,-25938
50,22,990.39,23.28,-169.28,22.64,564,-24540
50,22,990.39,23.28,-169.30,22.64,565,-23413
50,22,990.39,23.28,-169.30,22.64,566,-22015
50,22,990.39,23.28,-169.27,22.64,567,-20888
50,22,990.39,23.29,-169.28,22.65,569,-19489
50,22,990.39,23.29,-169.28,22.65,570,-18363
50,22,990.39,23.29,-169.25,22.65,571,-16965
50,22,990.39,23.29,-169.27,22.65,573,-15838
50,22,990.39,23.29,-169.31,22.65,574,-14440
50,22,990.39,23.29,-169.33,22.65,575,-13312
50,22,990.40,23.29,-169.37,22.65,576,-11914
50,22,990.40,23.29,-169.40,22.65,578,-10787
50,22,990.40,23.29,-169.37,22.65,579,-9390
50,22,990.40,23.29,-169.39,22.65,580,-8263
50,22,990.40,23.29,-169.37,22.65,581,-6866
50,22,990.40,23.30,-169.41,22.65,583,-5740
50,22,990.40,23.30,-169.38,22.65,584,-4342
50,22,990.40,23.30,-169.36,22.65,585,-3217
50,22,990.40,23.30,-169.36,22.65,587,-1820
50,22,990.40,23.30,-169.36,22.65,588,-694
50,22,990.39,23.30,-169.33,22.65,589,703
50,22,990.40,23.30,-169.36,22.65,590,1826
50,22,990.40,23.30,-169.36,22.65,592,3222
50,22,990.40,23.30,-169.36,22.65,593,4347
50,22,990.39,23.30,-169.33,22.65,594,5743
50,22,990.39,23.30,-169.33,22.65,595,6868
50,22,990.39,23.30,-169.33,22.65,597,8264
50,22,990.40,23.30,-169.35,22.65,598,9389
50,22,990.39,23.30,-169.32,22.65,599,10784
50,22,990.39,23.30,-169.32,22.65,600,11911
50,22,990.39,23.30,-169.32,22.65,602,13308
50,22,990.39,23.30,-169.30,22.65,603,14434
50,22,990.39,23.30,-169.31,22.65,604,15832
50,22,990.39,23.30,-169.27,22.65,605,16957
50,22,990.39,23.30,-169.31,22.65,607,18354
50,22,990.39,23.30,-169.27,22.65,608,19480
50,22,990.39,23.30,-169.29,22.65,609,20877
50,22,990.39,23.31,-169.27,22.65,610,22002
50,22,990.38,23.31,-169.25,22.65,612,23400
50,22,990.38,23.31,-169.23,22.65,613,24525
50,22,990.38,23.31,-169.23,22.65,614,25922
50,22,990.38,23.31,-169.22,22.65,615,27048
50,22,990.38,23.31,-169.22,22.65,617,28445
50,22,990.38,23.31,-169.22,22.65,618,29571
50,22,990.38,23.31,-169.21,22.65,619,30968
50,22,990.38,23.31,-169.19,22.65,620,32094
50,22,990.38,23.31,-169.21,22.65,622,-32046
50,22,990.38,23.31,-169.25,22.65,623,-30918
50,22,990.38,23.31,-169.22,22.65,624,-29520
50,22,990.38,23.31,-169.22,22.65,626,-28393
50,22,990.38,23.32,-169.24,22.66,627,-26994
50,22,990.38,23.32,-169.24,22.66,628,-25868
50,22,990.38,23.32,-169.22,22.66,629,-24469
50,22,990.38,23.32,-169.24,22.66,631,-23343
50,22,990.39,23.32,-169.26,22.66,632,-21945
50,22,990.39,23.32,-169.28,22.66,633,-20817
50,22,990.39,23.32,-169.28,22.66,634,-19420
50,22,990.39,23.32,-169.31,22.66,636,-18292
50,22,990.38,23.32,-169.24,22.66,637,-16893
50,22,990.38,23.32,-169.21,22.66,638,-15767
50,22,990.38,23.32,-169.19,22.66,640,-14368
50,22,990.38,23.32,-169.17,22.66,641,-13242
50,22,990.37,23.32,-169.13,22.66,642,-11844
50,22,990.37,23.32,-169.15,22.66,643,-10717
50,22,990.37,23.32,-169.15,22.66,645,-9319
50,22,990.38,23.33,-169.18,22.67,646,-8192
50,22,990.37,23.33,-169.15,22.67,647,-6795
50,22,990.37,23.33,-169.15,22.67,648,-5669
50,22,990.37,23.33,-169.16,22.67,650,-4273
50,22,990.37,23.33,-169.14,22.67,651,-3146
50,22,990.37,23.33,-169.14,22.67,652,-1748
50,22,990.38,23.33,-169.18,22.67,653,-623
50,22,990.38,23.33,-169.18,22.67,655,774
50,22,990.38,23.33,-169.18,22.67,656,1897
50,22,990.38,23.33,-169.21,22.67,657,3293
50,22,990.38,23.33,-169.20,22.67,658,4418
50,22,990.38,23.34,-169.20,22.67,660,5815
50,22,990.38,23.34,-169.17,22.67,661,6939
50,22,990.38,23.34,-169.18,22.67,662,8335
50,22,990.38,23.34,-169.18,22.67,663,9460
50,22,990.38,23.34,-169.17,22.67,665,10857
50,22,990.38,23.34,-169.20,22.67,666,11982
50,22,990.38,23.34,-169.17,22.67,667,13379
50,22,990.38,23.34,-169.20,22.67,668,14505
50,22,990.38,23.34,-169.22,22.67,670,15902
50,22,990.38,23.34,-169.20,22.67,671,17029
50,22,990.38,23.34,-169.20,22.67,672,18426
50,22,990.38,23.34,-169.22,22.67,673,19552
50,22,990.39,23.34,-169.29,22.67,675,20948
50,22,990.39,23.34,-169.32,22.67,676,22075
50,22,990.40,23.34,-169.35,22.67,677,23473
50,22,990.39,23.34,-169.33,22.67,678,24598
50,22,990.40,23.35,-169.36,22.67,680,25995
50,22,990.40,23.35,-169.38,22.67,681,27121
49,22,990.41,23.35,-169.43,22.67,682,28519
49,22,990.40,23.35,-169.41,22.67,684,29644
49,22,990.40,23.35,-169.41,22.67,685,31041
49,22,990.41,23.35,-169.43,22.67,686,32167
49,22,990.41,23.35,-169.47,22.67,687,-31972
49,22,990.41,23.35,-169.45,22.67,689,-30844
49,22,990.41,23.35,-169.47,22.67,690,-29447
49,22,990.42,23.35,-169.51,22.67,691,-28320
49,22,990.42,23.35,-169.51,22.67,693,-26922
49,22,990.42,23.35,-169.54,22.67,694,-25795
49,22,990.42,23.35,-169.53,22.67,695,-24397
49,22,990.42,23.35,-169.53,22.67,696,-23271
48,22,990.42,23.36,-169.52,22.68,698,-21873
48,22,990.41,23.36,-169.49,22.68,699,-20746
48,22,990.41,23.36,-169.49,22.68,700,-19348
48,22,990.41,23.36,-169.46,22.68,701,-18221
48,22,990.41,23.36,-169.49,22.68,703,-16822
48,22,990.41,23.37,-169.51,22.69,704,-15695
47,22,990.41,23.37,-169.48,22.69,705,-14298
47,22,990.41,23.37,-169.48,22.69,706,-13170
47,22,990.41,23.37,-169.51,22.69,708,-11772
47,22,990.41,23.38,-169.49,22.69,709,-10645
47,22,990.41,23.38,-169.50,22.69,710,-9247
47,22,990.41,23.38,-169.46,22.69,711,-8122
47,22,990.41,23.39,-169.46,22.69,713,-6725
47,22,990.41,23.40,-169.47,22.70,714,-5599
47,22,990.41,23.40,-169.47,22.70,715,-4196
47,22,990.41,23.40,-169.48,22.70,716,-3069
47,22,990.41,23.41,-169.43,22.70,718,-1672
47,22,990.41,23.41,-169.44,22.70,719,-546
47,22,990.41,23.41,-169.44,22.70,720,849
47,22,990.41,23.41,-169.46,22.70,721,1974
47,22,990.41,23.41,-169.45,22.70,723,3369
47,22,990.41,23.42,-169.45,22.71,724,4495
47,22,990.41,23.42,-169.45,22.71,725,5892
47,22,990.41,23.42,-169.43,22.71,726,7016
47,22,990.40,23.42,-169.42,22.71,728,8412
47,22,990.40,23.42,-169.41,22.71,729,9537
47,22,990.40,23.42,-169.41,22.71,730,10933
47,22,990.40,23.42,-169.42,22.71,731,12059
47,22,990.40,23.42,-169.39,22.71,733,13457
47,22,990.40,23.42,-169.36,22.71,734,14582
47,22,990.40,23.42,-169.34,22.71,735,15980
47,22,990.40,23.42,-169.38,22.71,737,17105
47,22,990.40,23.42,-169.38,22.71,738,18502
47,22,990.40,23.42,-169.40,22.71,739,19629
47,22,990.39,23.42,-169.33,22.71,740,21025
47,22,990.39,23.42,-169.33,22.71,742,22151
47,22,990.39,23.42,-169.32,22.71,743,23548
47,22,990.39,23.42,-169.32,22.71,744,24674
47,22,990.39,23.42,-169.29,22.71,746,26071
47,22,990.39,23.42,-169.27,22.71,747,27197
47,22,990.39,23.42,-169.26,22.71,748,28594
47,22,990.39,23.42,-169.27,22.71,749,29720
47,22,990.39,23.42,-169.27,22.71,751,31118
47,22,990.39,23.42,-169.30,22.71,752,32243
47,22,990.39,23.42,-169.27,22.71,753,-31896
47,22,990.38,23.42,-169.24,22.71,754,-30769
47,22,990.39,23.43,-169.26,22.72,756,-29371
47,22,990.38,23.43,-169.24,22.72,757,-28243
47,22,990.39,23.43,-169.27,22.72,758,-26846
47,22,990.39,23.43,-169.26,22.72,759,-25719
47,22,990.39,23.43,-169.26,22.72,761,-24320
47,22,990.38,23.43,-169.25,22.72,762,-23194
47,22,990.38,23.43,-169.22,22.72,763,-21796
47,22,990.38,23.43,-169.20,22.72,764,-20669
48,22,990.38,23.43,-169.22,22.72,766,-19271
48,22,990.38,23.43,-169.20,22.72,767,-18144
48,22,990.38,23.43,-169.17,22.72,768,-16721
48,22,990.38,23.44,-169.17,22.72,769,-15594
48,22,990.37,23.44,-169.16,22.72,771,-14196
48,22,990.37,23.44,-169.16,22.72,772,-13069
48,22,990.37,23.44,-169.14,22.72,773,-11670
48,22,990.37,23.44,-169.14,22.72,774,-10544
48,22,990.38,23.44,-169.17,22.72,776,-9146
48,22,990.38,23.44,-169.19,22.72,777,-8019
48,22,990.38,23.44,-169.23,22.72,778,-6622
48,22,990.38,23.44,-169.25,22.72,779,-5496
48,23,990.38,23.44,-169.22,23.22,781,-4100
48,23,990.38,23.44,-169.21,23.22,782,-2973
48,22,990.38,23.44,-169.17,22.72,783,-1576
48,22,990.37,23.44,-169.16,22.72,785,-450
48,22,990.38,23.44,-169.19,22.72,786,946
48,22,990.37,23.44,-169.16,22.72,787,2069
48,23,990.37,23.44,-169.16,23.22,788,3465
48,23,990.37,23.45,-169.15,23.23,790,4590
48,23,990.37,23.45,-169.13,23.23,791,5987
48,23,990.37,23.45,-169.12,23.23,792,7111
48,22,990.37,23.45,-169.13,22.73,793,8507
48,22,990.37,23.45,-169.13,22.73,795,9632
48,23,990.37,23.45,-169.11,23.23,796,11029
48,23,990.37,23.45,-169.11,23.23,797,12154
48,23,990.37,23.45,-169.12,23.23,799,13551
48,23,990.37,23.45,-169.12,23.23,800,14678
48,23,990.37,23.45,-169.12,23.23,801,16075
48,23,990.37,23.45,-169.09,23.23,802,17201
48,22,990.36,23.45,-169.07,22.73,804,18597
48,22,990.37,23.45,-169.09,22.73,805,19724
48,23,990.36,23.45,-169.07,23.23,806,21122
48,23,990.36,23.45,-169.06,23.23,807,22247
48,23,990.36,23.45,-169.06,23.23,809,23644
48,23,990.37,23.45,-169.11,23.23,810,24770
49,23,990.37,23.45,-169.09,23.23,811,26168
49,23,990.36,23.45,-169.02,23.23,812,27293
49,23,990.36,23.45,-169.03,23.23,814,28690
49,23,990.36,23.45,-169.03,23.23,815,29816
49,23,990.36,23.45,-169.03,23.23,816,31214
49,23,990.36,23.45,-169.00,23.23,817,32339
49,23,990.36,23.45,-169.00,23.23,819,-31800
49,23,990.36,23.45,-169.00,23.23,820,-30672
49,23,990.35,23.45,-168.98,23.23,821,-29274
49,23,990.35,23.45,-168.94,23.23,822,-28147
49,23,990.35,23.45,-168.94,23.23,824,-26749
49,23,990.35,23.45,-168.93,23.23,825,-25622
49,23,990.35,23.45,-168.93,23.23,826,-24223
49,23,990.35,23.45,-168.94,23.23,827,-23097
49,23,990.35,23.45,-168.94,23.23,829,-21699
49,23,990.35,23.45,-168.94,23.23,830,-20572
49,23,990.35,23.45,-168.94,23.23,831,-19173
49,23,990.35,23.45,-168.94,23.23,832,-18046
49,23,990.35,23.45,-168.97,23.23,834,-16649
49,23,990.35,23.45,-168.97,23.23,835,-15521
49,23,990.35,23.45,-168.98,23.23,836,-14122
49,23,990.35,23.44,-168.94,23.22,838,-12996
49,23,990.35,23.45,-168.95,23.23,839,-11598
49,23,990.35,23.44,-168.93,23.22,840,-10471
49,23,990.34,23.44,-168.89,23.22,841,-9072
49,23,990.34,23.44,-168.89,23.22,843,-7947
49,23,990.34,23.44,-168.89,23.22,844,-6550
49,23,990.34,23.44,-168.86,23.22,845,-5424
49,23,990.33,23.44,-168.82,23.22,846,-4026
49,23,990.33,23.44,-168.82,23.22,848,-2900
49,23,990.34,23.45,-168.85,23.23,849,-1504
49,23,990.34,23.45,-168.85,23.23,850,-377
49,23,990.34,23.45,-168.85,23.23,852,1019
49,23,990.34,23.45,-168.84,23.23,853,2144
49,23,990.34,23.45,-168.87,23.23,854,3539
49,23,990.34,23.45,-168.84,23.23,855,4665
49,23,990.34,23.45,-168.85,23.23,857,6062
49,23,990.34,23.45,-168.84,23.23,858,7186
50,23,990.34,23.45,-168.87,23.23,859,8582
50,23,990.34,23.45,-168.87,23.23,860,9707
50,23,990.34,23.45,-168.87,23.23,862,11104
50,23,990.34,23.45,-168.87,23.23,863,12229
50,23,990.34,23.45,-168.84,23.23,864,13626
50,23,990.33,23.45,-168.83,23.23,865,14752
50,23,990.34,23.45,-168.86,23.23,867,16150
50,23,990.34,23.45,-168.83,23.23,868,17275
50,23,990.34,23.46,-168.83,23.23,869,18672
50,23,990.33,23.46,-168.81,23.23,870,19799
50,23,990.33,23.46,-168.81,23.23,872,21196
50,23,990.33,23.46,-168.77,23.23,873,22322
50,23,990.33,23.46,-168.80,23.23,874,23718
50,23,990.33,23.46,-168.80,23.23,875,24845
50,23,990.33,23.46,-168.80,23.23,877,26243
50,23,990.33,23.46,-168.80,23.23,878,27368
49,23,990.34,23.46,-168.84,23.23,879,28765
49,23,990.34,23.46,-168.84,23.23,880,29891
49,23,990.34,23.46,-168.83,23.23,882,31289
49,23,990.34,23.46,-168.84,23.23,883,32414
49,23,990.34,23.46,-168.86,23.23,884,-31725
49,23,990.34,23.46,-168.87,23.23,885,-30598
49,23,990.34,23.46,-168.87,23.23,887,-29199
49,23,990.34,23.46,-168.84,23.23,888,-28072
49,23,990.34,23.46,-168.86,23.23,889,-26675
49,23,990.34,23.46,-168.86,23.23,890,-25547
49,23,990.34,23.46,-168.84,23.23,892,-24149
49,23,990.33,23.46,-168.81,23.23,893,-23022
48,23,990.33,23.46,-168.81,23.23,894,-21623
48,23,990.33,23.46,-168.78,23.23,896,-20497
48,23,990.33,23.46,-168.77,23.23,897,-19099
48,23,990.32,23.46,-168.73,23.23,898,-17972
48,23,990.32,23.46,-168.71,23.23,899,-16573
48,23,990.32,23.46,-168.68,23.23,901,-15447
48,23,990.32,23.46,-168.70,23.23,902,-14049
48,23,990.32,23.46,-168.68,23.23,903,-12921
48,23,990.31,23.47,-168.65,23.24,905,-11523
48,23,990.32,23.47,-168.67,23.24,906,-10396
48,23,990.32,23.47,-168.65,23.24,907,-8998
48,23,990.32,23.47,-168.67,23.24,908,-7872
49,23,990.32,23.47,-168.68,23.24,910,-6474
49,23,990.32,23.47,-168.68,23.24,911,-5349
49,23,990.31,23.47,-168.64,23.24,912,-3952
49,23,990.32,23.48,-168.67,23.24,913,-2826
49,23,990.31,23.48,-168.64,23.24,915,-1428
49,23,990.31,23.48,-168.64,23.24,916,-303
49,23,990.32,23.48,-168.66,23.24,917,1093
49,23,990.32,23.48,-168.66,23.24,918,2219
49,23,990.32,23.48,-168.66,23.24,920,3615
49,23,990.31,23.48,-168.64,23.24,921,4740
49,23,990.31,23.48,-168.64,23.24,922,6135
49,23,990.32,23.48,-168.67,23.24,923,7261
49,23,990.32,23.48,-168.67,23.24,925,8657
49,23,990.32,23.48,-168.66,23.24,926,9782
49,23,990.32,23.48,-168.69,23.24,927,11177
49,23,990.32,23.48,-168.69,23.24,928,12304
49,23,990.31,23.48,-168.64,23.24,930,13701
49,23,990.32,23.49,-168.66,23.24,931,14827
49,23,990.31,23.48,-168.64,23.24,932,16225
49,23,990.31,23.49,-168.63,23.24,933,17350
49,23,990.31,23.49,-168.60,23.24,935,18747
49,23,990.31,23.49,-168.61,23.24,936,19873
49,23,990.31,23.49,-168.65,23.24,937,21271
49,23,990.32,23.49,-168.70,23.24,938,22396
49,23,990.32,23.49,-168.70,23.24,940,23793
49,23,990.32,23.49,-168.70,23.24,941,24920
49,23,990.32,23.49,-168.71,23.24,942,26317
49,23,990.32,23.49,-168.69,23.24,943,27443
49,23,990.32,23.49,-168.66,23.24,945,28839
49,23,990.32,23.49,-168.66,23.24,946,29966
49,23,990.31,23.49,-168.65,23.24,947,31364
49,23,990.31,23.49,-168.61,23.24,949,32489
49,23,990.31,23.49,-168.61,23.24,950,-31650
49,23,990.31,23.49,-168.58,23.24,951,-30523
49,23,990.30,23.49,-168.56,23.24,952,-29124
49,23,990.31,23.49,-168.57,23.24,954,-27998
49,23,990.30,23.48,-168.54,23.24,955,-26599
49,23,990.30,23.48,-168.52,23.24,956,-25472
49,23,990.30,23.48,-168.54,23.24,958,-24075
49,23,990.30,23.48,-168.56,23.24,959,-22947
49,23,990.31,23.48,-168.57,23.24,960,-21549
49,23,990.30,23.48,-168.56,23.24,961,-20422
49,23,990.30,23.48,-168.52,23.24,963,-19024
49,23,990.29,23.48,-168.48,23.24,964,-17897
49,23,990.30,23.48,-168.50,23.24,965,-16498
49,23,990.30,23.48,-168.50,23.24,966,-15372
49,23,990.30,23.48,-168.50,23.24,968,-13974
49,23,990.29,23.48,-168.48,23.24,969,-12847
49,23,990.29,23.49,-168.48,23.24,970,-11449
49,23,990.29,23.49,-168.47,23.24,971,-10321
49,23,990.30,23.49,-168.50,23.24,973,-8923
49,23,990.29,23.49,-168.47,23.24,974,-7797
49,23,990.29,23.49,-168.45,23.24,975,-6400
49,23,990.29,23.49,-168.42,23.24,976,-5274
49,23,990.28,23.48,-168.38,23.24,978,-3876
49,23,990.28,23.49,-168.38,23.24,979,-2751
49,23,990.28,23.49,-168.37,23.24,980,-1354
49,23,990.28,23.49,-168.35,23.24,981,-228
49,23,990.28,23.49,-168.37,23.24,983,1180
49,23,990.28,23.49,-168.37,23.24,984,2306
48,23,990.28,23.49,-168.39,23.24,985,3702
48,23,990.29,23.49,-168.41,23.24,986,4827
48,23,990.28,23.49,-168.38,23.24,988,6222
48,23,990.28,23.49,-168.33,23.24,989,7348
48,23,990.28,23.49,-168.35,23.24,990,8744
48,23,990.28,23.49,-168.32,23.24,991,9869
48,23,990.27,23.49,-168.30,23.24,993,11265
48,23,990.27,23.49,-168.30,23.24,994,12391
48,23,990.28,23.49,-168.38,23.24,995,13787
48,23,990.28,23.49,-168.35,23.24,996,14913
48,23,990.28,23.50,-168.37,23.25,998,16310
48,23,990.28,23.50,-168.35,23.25,999,17435
48,23,990.28,23.50,-168.35,23.25,1000,18832
48,23,990.27,23.50,-168.31,23.25,1002,19959
48,23,990.28,23.50,-168.32,23.25,1003,21357
48,23,990.27,23.50,-168.29,23.25,1004,22484
49,23,990.27,23.50,-168.29,23.25,1005,23883
49,23,990.28,23.50,-168.32,23.25,1007,25010
49,23,990.28,23.50,-168.32,23.25,1008,26407
49,23,990.27,23.50,-168.31,23.25,1009,27535
49,23,990.27,23.50,-168.31,23.25,1011,28934
49,23,990.27,23.50,-168.29,23.25,1012,30060
49,23,990.27,23.50,-168.28,23.25,1013,31458
49,23,990.27,23.50,-168.25,23.25,1014,32585
49,23,990.27,23.50,-168.27,23.25,1016,-31553
49,23,990.27,23.50,-168.23,23.25,1017,-30425
49,23,990.27,23.50,-168.25,23.25,1018,-29025
49,23,990.27,23.50,-168.23,23.25,1019,-27897
49,23,990.27,23.50,-168.27,23.25,1021,-26499
49,23,990.27,23.50,-168.27,23.25,1022,-25370
49,23,990.27,23.51,-168.30,23.26,1023,-23970
49,23,990.27,23.51,-168.28,23.26,1024,-22843
49,23,990.27,23.51,-168.27,23.26,1026,-21444
49,23,990.27,23.51,-168.27,23.26,1027,-20316
49,23,990.27,23.51,-168.29,23.26,1028,-18917
49,23,990.27,23.51,-168.28,23.26,1029,-17788
49,23,990.27,23.51,-168.23,23.26,1031,-16389
49,23,990.27,23.51,-168.27,23.26,1032,-15261
49,23,990.27,23.51,-168.27,23.26,1033,-13862
49,23,990.27,23.51,-168.28,23.26,1034,-12734
49,23,990.27,23.50,-168.25,23.25,1036,-11309
49,23,990.26,23.50,-168.21,23.25,1037,-10181
49,23,990.26,23.50,-168.22,23.25,1038,-8782
49,23,990.27,23.50,-168.25,23.25,1039,-7655
49,23,990.27,23.50,-168.27,23.25,1041,-6257
49,23,990.27,23.50,-168.26,23.25,1042,-5130
49,23,990.27,23.49,-168.28,23.24,1043,-3731
49,23,990.27,23.49,-168.26,23.24,1045,-2605
49,23,990.27,23.49,-168.29,23.24,1046,-1207
49,23,990.27,23.49,-168.30,23.24,1047,-79
48,23,990.27,23.49,-168.30,23.24,1048,1317
48,23,990.28,23.49,-168.32,23.24,1050,2443
48,23,990.27,23.49,-168.30,23.24,1051,3840
48,23,990.28,23.49,-168.32,23.24,1052,4966
48,23,990.28,23.49,-168.33,23.24,1053,6364
48,23,990.28,23.49,-168.33,23.24,1055,7489
48,23,990.28,23.49,-168.33,23.24,1056,8886
48,23,990.28,23.48,-168.35,23.24,1057,10012
48,23,990.28,23.48,-168.38,23.24,1059,11411
48,23,990.29,23.48,-168.42,23.24,1060,12537
48,23,990.29,23.48,-168.42,23.24,1061,13935
48,23,990.29,23.47,-168.40,23.24,1062,15063
48,23,990.28,23.47,-168.38,23.24,1064,16461
48,23,990.28,23.47,-168.39,23.24,1065,17588
48,23,990.28,23.47,-168.39,23.24,1066,18985
48,23,990.28,23.47,-168.39,23.24,1067,20113
48,23,990.28,23.46,-168.37,23.23,1069,21512
48,23,990.28,23.46,-168.37,23.23,1070,22638
48,23,990.29,23.46,-168.43,23.23,1071,24036
48,23,990.29,23.46,-168.43,23.23,1072,25163
48,23,990.29,23.46,-168.43,23.23,1074,26562
48,23,990.29,23.46,-168.43,23.23,1075,27688
48,23,990.29,23.46,-168.44,23.23,1076,29086
48,23,990.29,23.46,-168.47,23.23,1077,30214
48,23,990.29,23.46,-168.47,23.23,1079,31611
48,23,990.30,23.46,-168.49,23.23,1080,32739
48,23,990.29,23.46,-168.47,23.23,1081,-31398
48,23,990.29,23.46,-168.47,23.23,1082,-30271
48,23,990.30,23.46,-168.50,23.23,1084,-28872
48,23,990.30,23.46,-168.50,23.23,1085,-27744
48,23,990.30,23.46,-168.53,23.23,1086,-26344
48,23,990.30,23.46,-168.52,23.23,1087,-25216
48,23,990.30,23.46,-168.55,23.23,1089,-23818
48,23,990.31,23.46,-168.58,23.23,1090,-22689
48,23,990.30,23.46,-168.53,23.23,1091,-21289
48,23,990.30,23.46,-168.56,23.23,1092,-20162
48,23,990.30,23.46,-168.55,23.23,1094,-18763
48,23,990.30,23.46,-168.53,23.23,1095,-17635
48,23,990.29,23.46,-168.44,23.23,1096,-16236
48,23,990.29,23.46,-168.44,23.23,1098,-15108
48,23,990.29,23.46,-168.44,23.23,1099,-13708
48,23,990.30,23.46,-168.50,23.23,1100,-12580
48,23,990.29,23.46,-168.47,23.23,1101,-11182
48,23,990.30,23.46,-168.52,23.23,1103,-10053
48,23,990.29,23.47,-168.48,23.24,1104,-8653
48,23,990.29,23.47,-168.48,23.24,1105,-7527
49,22,990.29,23.47,-168.43,22.74,1107,-6129
49,22,990.29,23.48,-168.42,22.74,1108,-5002
49,22,990.28,23.48,-168.39,22.74,1109,-3603
49,22,990.28,23.48,-168.36,22.74,1110,-2477
49,23,990.28,23.48,-168.35,23.24,1112,-1079
49,23,990.28,23.49,-168.35,23.24,1113,49
49,23,990.27,23.48,-168.30,23.24,1114,1444
49,23,990.26,23.48,-168.16,23.24,1115,2570
49,23,990.24,23.48,-168.05,23.24,1117,3966
49,23,990.23,23.48,-167.94,23.24,1118,5093
49,23,990.22,23.47,-167.81,23.24,1119,6491
49,23,990.21,23.47,-167.74,23.24,1120,7616
49,23,990.19,23.47,-167.60,23.24,1122,9013
49,23,990.18,23.46,-167.53,23.23,1123,10139
49,23,990.18,23.46,-167.47,23.23,1124,11538
49,23,990.17,23.46,-167.45,23.23,1125,12664
49,23,990.17,23.46,-167.44,23.23,1127,14062
49,23,990.17,23.45,-167.38,23.23,1128,15190
49,23,990.15,23.45,-167.28,23.23,1129,16588
49,23,990.15,23.45,-167.27,23.23,1130,17715
49,23,990.15,23.45,-167.23,23.23,1132,19112
49,23,990.15,23.45,-167.22,23.23,1133,20240
49,23,990.14,23.44,-167.19,23.22,1134,21639
49,23,990.15,23.44,-167.20,23.22,1135,22765
49,22,990.15,23.44,-167.26,22.72,1137,24163
49,22,990.15,23.44,-167.25,22.72,1138,25290
49,23,990.15,23.44,-167.22,23.22,1139,26688
49,23,990.15,23.44,-167.20,23.22,1140,27814
49,23,990.15,23.44,-167.23,23.22,1142,29212
49,23,990.15,23.44,-167.25,23.22,1143,30340
49,23,990.15,23.44,-167.26,23.22,1144,31737
49,23,990.15,23.44,-167.26,23.22,1146,-32672
49,22,990.15,23.44,-167.28,22.72,1147,-31272
49,22,990.15,23.44,-167.26,22.72,1148,-30145
48,22,990.15,23.44,-167.25,22.72,1149,-28746
48,22,990.15,23.44,-167.20,22.72,1151,-27618
48,22,990.15,23.44,-167.21,22.72,1152,-26218
48,22,990.14,23.43,-167.19,22.72,1153,-25091
48,22,990.15,23.43,-167.20,22.72,1154,-23691
48,22,990.14,23.43,-167.17,22.72,1156,-22563
48,23,990.14,23.43,-167.17,23.22,1157,-21165
48,23,990.15,23.43,-167.23,23.22,1158,-20036
49,22,990.17,23.43,-167.41,22.72,1160,-18636
49,22,990.18,23.43,-167.53,22.72,1161,-17509
49,22,990.20,23.43,-167.69,22.72,1162,-16110
49,22,990.22,23.42,-167.82,22.71,1163,-14982
49,23,990.24,23.42,-167.98,23.21,1165,-13582
49,23,990.24,23.42,-168.04,23.21,1166,-12454
49,22,990.25,23.42,-168.12,22.71,1167,-11056
49,22,990.26,23.42,-168.20,22.71,1168,-9927
49,22,990.27,23.42,-168.29,22.71,1170,-8529
49,22,990.28,23.42,-168.32,22.71,1171,-7402
49,22,990.28,23.42,-168.38,22.71,1172,-6004
49,22,990.29,23.42,-168.43,22.71,1173,-4878
49,22,990.29,23.42,-168.48,22.71,1175,-3480
49,22,990.30,23.42,-168.50,22.71,1176,-2353
49,22,990.30,23.42,-168.49,22.71,1177,-954
49,22,990.30,23.43,-168.50,22.72,1178,172
49,22,990.30,23.43,-168.52,22.72,1180,1567
49,22,990.30,23.43,-168.51,22.72,1181,2694
49,22,990.30,23.43,-168.52,22.72,1182,4091
49,22,990.29,23.43,-168.46,22.72,1183,5217
49,22,990.29,23.43,-168.43,22.72,1185,6614
49,22,990.29,23.43,-168.44,22.72,1186,7740
49,22,990.29,23.43,-168.42,22.72,1187,9138
49,22,990.29,23.43,-168.42,22.72,1188,10263
49,22,990.29,23.44,-168.43,22.72,1190,11661
49,22,990.29,23.44,-168.40,22.72,1191,12788
49,22,990.29,23.44,-168.40,22.72,1192,14187
49,22,990.28,23.44,-168.38,22.72,1193,15313
49,22,990.28,23.44,-168.31,22.72,1195,16711
49,22,990.28,23.44,-168.31,22.72,1196,17839
49,22,990.27,23.44,-168.30,22.72,1197,19237
49,22,990.27,23.44,-168.28,22.72,1199,20364
49,22,990.27,23.44,-168.30,22.72,1200,21762
49,22,990.28,23.45,-168.35,22.73,1201,22889
49,22,990.28,23.45,-168.35,22.73,1202,24287
49,22,990.28,23.45,-168.33,22.73,1204,25414
49,22,990.28,23.45,-168.37,22.73,1205,26813
49,22,990.28,23.45,-168.38,22.73,1206,27939
49,22,990.28,23.46,-168.40,22.73,1208,29337
49,22,990.28,23.46,-168.37,22.73,1209,30465
49,22,990.28,23.46,-168.38,22.73,1210,31863
49,22,990.28,23.46,-168.40,22.73,1211,-32546
49,22,990.28,23.46,-168.38,22.73,1213,-31148
49,22,990.28,23.46,-168.34,22.73,1214,-30019
49,22,990.27,23.46,-168.31,22.73,1215,-28619
49,22,990.27,23.46,-168.28,22.73,1216,-27492
49,22,990.27,23.46,-168.27,22.73,1218,-26093
49,22,990.27,23.46,-168.25,22.73,1219,-24965
49,22,990.27,23.46,-168.25,22.73,1220,-23566
49,22,990.27,23.47,-168.24,22.74,1221,-22437
49,22,990.26,23.47,-168.18,22.74,1223,-21038
49,22,990.26,23.47,-168.19,22.74,1224,-19910
49,22,990.26,23.47,-168.18,22.74,1225,-18511
49,22,990.26,23.47,-168.21,22.74,1226,-17383
49,22,990.26,23.47,-168.20,22.74,1228,-15983
49,22,990.26,23.47,-168.19,22.74,1229,-14856
49,22,990.26,23.48,-168.18,22.74,1230,-13457
49,22,990.26,23.48,-168.18,22.74,1231,-12328
49,22,990.26,23.48,-168.18,22.74,1233,-10930
49,22,990.26,23.48,-168.20,22.74,1234,-9801
49,22,990.26,23.48,-168.17,22.74,1235,-8402
49,22,990.26,23.49,-168.17,22.74,1236,-7276
49,22,990.26,23.49,-168.17,22.74,1238,-5878
49,22,990.26,23.49,-168.19,22.74,1239,-4751
49,22,990.25,23.49,-168.13,22.74,1240,-3352
49,22,990.25,23.49,-168.13,22.74,1241,-2226
49,22,990.25,23.50,-168.13,22.75,1243,-828
49,22,990.25,23.50,-168.13,22.75,1244,299
49,22,990.25,23.50,-168.12,22.75,1245,1695
49,22,990.25,23.50,-168.10,22.75,1247,2821
49,22,990.25,23.50,-168.12,22.75,1248,4217
49,22,990.25,23.50,-168.12,22.75,1249,5344
49,22,990.25,23.50,-168.09,22.75,1250,6742
49,22,990.25,23.50,-168.06,22.75,1252,7867
49,22,990.25,23.51,-168.08,22.76,1253,9264
49,22,990.25,23.51,-168.06,22.76,1254,10390
49,22,990.25,23.51,-168.06,22.76,1256,11789
49,22,990.24,23.51,-168.04,22.76,1257,12915
49,22,990.25,23.51,-168.06,22.76,1258,14313
49,22,990.25,23.52,-168.08,22.76,1259,15440
49,22,990.25,23.52,-168.08,22.76,1261,16838
49,22,990.25,23.52,-168.09,22.76,1262,17965
49,22,990.25,23.52,-168.14,22.76,1263,19363
49,22,990.25,23.52,-168.12,22.76,1264,20490
49,22,990.25,23.52,-168.11,22.76,1266,21888
49,22,990.25,23.52,-168.09,22.76,1267,23015
49,22,990.25,23.52,-168.12,22.76,1268,24414
49,22,990.25,23.52,-168.14,22.76,1269,25540
49,22,990.27,23.52,-168.27,22.76,1271,26938
49,22,990.28,23.52,-168.36,22.76,1272,28065
49,22,990.29,23.52,-168.42,22.76,1273,29464
49,22,990.30,23.52,-168.51,22.76,1274,30590
49,22,990.31,23.52,-168.60,22.76,1276,31988
49,22,990.31,23.52,-168.62,22.76,1277,-32420
49,22,990.32,23.51,-168.71,22.76,1278,-31021
49,22,990.32,23.51,-168.74,22.76,1279,-29893
49,22,990.33,23.51,-168.81,22.76,1281,-28493
49,22,990.34,23.50,-168.86,22.75,1282,-27366
49,22,990.34,23.50,-168.87,22.75,1283,-25967
49,22,990.34,23.49,-168.87,22.74,1284,-24839
49,22,990.35,23.49,-168.93,22.74,1286,-23439
49,22,990.35,23.48,-168.92,22.74,1287,-22311
49,22,990.35,23.48,-168.94,22.74,1288,-20913
49,22,990.35,23.47,-168.92,22.74,1289,-19784
49,22,990.34,23.46,-168.90,22.73,1291,-18385
49,22,990.34,23.46,-168.90,22.73,1292,-17257
49,22,990.35,23.45,-168.93,22.73,1293,-15857
49,22,990.35,23.44,-168.97,22.72,1295,-14730
49,22,990.35,23.43,-168.95,22.72,1296,-13330
49,22,990.35,23.43,-168.98,22.72,1297,-12202
49,22,990.35,23.42,-168.96,22.71,1298,-10804
49,22,990.35,23.41,-168.97,22.70,1300,-9675
49,22,990.36,23.40,-168.99,22.70,1301,-8247
49,22,990.36,23.40,-169.01,22.70,1302,-7119
49,22,990.36,23.39,-169.01,22.69,1304,-5722
49,22,990.35,23.38,-168.96,22.69,1305,-4595
49,22,990.35,23.37,-168.96,22.69,1306,-3196
49,22,990.35,23.36,-168.96,22.68,1307,-2070
49,22,990.34,23.35,-168.90,22.67,1309,-672
49,22,990.34,23.34,-168.87,22.67,1310,454
49,22,990.34,23.33,-168.88,22.67,1311,1851
49,22,990.34,23.32,-168.88,22.66,1312,2976
49,22,990.34,23.31,-168.88,22.65,1314,4373
49,22,990.34,23.31,-168.89,22.65,1315,5499
49,22,990.34,23.30,-168.90,22.65,1316,6896
49,22,990.35,23.30,-168.95,22.65,1317,8023
49,22,990.35,23.29,-168.93,22.65,1319,9420
49,22,990.35,23.28,-168.93,22.64,1320,10546
49,22,990.35,23.27,-168.93,22.64,1321,11943
49,22,990.35,23.27,-168.94,22.64,1322,13071
49,22,990.35,23.26,-168.93,22.63,1324,14470
49,22,990.35,23.25,-168.94,22.63,1325,15596
49,22,990.35,23.24,-168.93,22.62,1326,16994
49,22,990.35,23.24,-168.93,22.62,1327,18121
50,22,990.34,23.23,-168.89,22.61,1329,19519
50,22,990.34,23.22,-168.87,22.61,1330,20646
50,22,990.34,23.21,-168.86,22.60,1331,22045
50,22,990.34,23.21,-168.84,22.60,1332,23172
50,22,990.34,23.20,-168.85,22.60,1334,24569
50,22,990.34,23.19,-168.84,22.60,1335,25697
50,22,990.34,23.19,-168.85,22.60,1336,27096
50,22,990.34,23.18,-168.86,22.59,1337,28222
50,22,990.34,23.17,-168.84,22.58,1339,29620
50,22,990.34,23.16,-168.87,22.58,1340,30747
50,22,990.34,23.15,-168.85,22.58,1341,32145
50,22,990.33,23.14,-168.81,22.57,1343,-32265
50,22,990.34,23.13,-168.83,22.56,1344,-30865
50,22,990.33,23.13,-168.80,22.56,1345,-29737
50,22,990.33,23.12,-168.83,22.56,1346,-28339
50,22,990.33,23.11,-168.80,22.56,1348,-27210
50,22,990.33,23.10,-168.81,22.55,1349,-25811
50,22,990.33,23.09,-168.80,22.55,1350,-24683
50,22,990.33,23.08,-168.79,22.54,1352,-23283
50,22,990.33,23.07,-168.76,22.53,1353,-22156
50,22,990.33,23.06,-168.76,22.53,1354,-20757
50,22,990.33,23.05,-168.76,22.52,1355,-19629
50,22,990.33,23.04,-168.77,22.52,1357,-18229
50,22,990.32,23.03,-168.72,22.51,1358,-17101
50,22,990.32,23.02,-168.67,22.51,1359,-15703
50,22,990.32,23.01,-168.68,22.51,1360,-14574
50,22,990.31,23.00,-168.65,22.50,1362,-13175
50,22,990.31,22.99,-168.63,22.49,1363,-12047
50,22,990.31,22.98,-168.60,22.49,1364,-10647
50,22,990.31,22.98,-168.59,22.49,1365,-9520
50,22,990.31,22.97,-168.58,22.49,1367,-8122
50,22,990.30,22.96,-168.56,22.48,1368,-6994
51,22,990.30,22.95,-168.55,22.48,1369,-5596
51,22,990.30,22.94,-168.57,22.47,1370,-4469
51,22,990.30,22.93,-168.55,22.47,1372,-3071
51,22,990.30,22.93,-168.55,22.47,1373,-1944
51,22,990.30,22.92,-168.52,22.46,1374,-546
51,22,990.30,22.91,-168.52,22.45,1375,579
51,22,990.30,22.90,-168.51,22.45,1377,1975
51,22,990.30,22.89,-168.50,22.44,1378,3101
51,22,990.30,22.88,-168.48,22.44,1379,4498
51,22,990.29,22.88,-168.47,22.44,1380,5624
51,21,990.29,22.87,-168.47,21.94,1382,7022
51,21,990.29,22.86,-168.43,21.93,1383,8147
51,21,990.29,22.86,-168.44,21.93,1384,9544
51,21,990.29,22.85,-168.43,21.92,1385,10671
51,21,990.29,22.85,-168.47,21.92,1387,12069
51,21,990.29,22.84,-168.46,21.92,1388,13196
51,21,990.29,22.84,-168.43,21.92,1389,14595
51,21,990.29,22.83,-168.42,21.92,1391,15721
51,21,990.29,22.82,-168.40,21.91,1392,17119
51,21,990.29,22.82,-168.40,21.91,1393,18246
51,21,990.28,22.81,-168.39,21.90,1394,19645
51,21,990.28,22.81,-168.37,21.90,1396,20771
51,21,990.28,22.80,-168.38,21.90,1397,22169
51,21,990.28,22.80,-168.37,21.90,1398,23297
51,21,990.28,22.79,-168.33,21.90,1399,24695
51,21,990.28,22.78,-168.31,21.89,1401,25822
51,21,990.28,22.77,-168.32,21.89,1402,27219
51,21,990.28,22.76,-168.34,21.88,1403,28347
51,21,990.28,22.76,-168.38,21.88,1405,29745
51,21,990.29,22.75,-168.41,21.88,1406,30892
51,21,990.28,22.74,-168.39,21.87,1407,32290
51,21,990.29,22.74,-168.40,21.87,1408,-32119
51,21,990.28,22.73,-168.40,21.86,1410,-30720
51,21,990.28,22.72,-168.38,21.86,1411,-29592
51,21,990.28,22.71,-168.35,21.85,1412,-28193
51,21,990.28,22.71,-168.36,21.85,1413,-27065
51,21,990.28,22.70,-168.36,21.85,1415,-25666
51,21,990.28,22.70,-168.34,21.85,1416,-24538
51,21,990.28,22.69,-168.34,21.85,1417,-23138
51,21,990.28,22.69,-168.32,21.85,1418,-22010
51,21,990.28,22.68,-168.32,21.84,1420,-20611
51,21,990.27,22.67,-168.30,21.83,1421,-19483
51,21,990.28,22.67,-168.33,21.83,1422,-18084
51,21,990.27,22.66,-168.30,21.83,1423,-16956
51,21,990.27,22.66,-168.31,21.83,1425,-15557
51,21,990.28,22.65,-168.32,21.83,1426,-14429
52,21,990.28,22.65,-168.38,21.83,1427,-13029
52,21,990.28,22.64,-168.37,21.82,1428,-11901
52,21,990.28,22.63,-168.36,21.81,1430,-10502
52,21,990.28,22.63,-168.36,21.81,1431,-9374
52,21,990.28,22.62,-168.37,21.81,1432,-7976
52,21,990.28,22.62,-168.39,21.81,1433,-6849
52,21,990.28,22.61,-168.40,21.81,1435,-5451
52,21,990.28,22.61,-168.38,21.81,1436,-4324
52,21,990.29,22.60,-168.41,21.80,1437,-2925
52,21,990.29,22.60,-168.42,21.80,1439,-1799
52,21,990.28,22.59,-168.39,21.80,1440,-401
52,21,990.29,22.59,-168.40,21.80,1441,726
52,21,990.29,22.58,-168.40,21.79,1442,2121
52,21,990.29,22.58,-168.40,21.79,1444,3247
52,21,990.28,22.57,-168.38,21.78,1445,4644
52,21,990.28,22.56,-168.37,21.78,1446,5770
52,21,990.28,22.56,-168.36,21.78,1447,7166
52,21,990.28,22.55,-168.34,21.77,1449,8293
52,21,990.28,22.54,-168.36,21.77,1450,9691
52,21,990.28,22.54,-168.40,21.77,1451,10816
52,21,990.28,22.53,-168.40,21.76,1453,12214
52,21,990.29,22.53,-168.41,21.76,1454,13341
52,21,990.28,22.52,-168.38,21.76,1455,14739
52,21,990.28,22.52,-168.38,21.76,1456,15866
52,21,990.29,22.51,-168.41,21.76,1458,17265
52,21,990.29,22.51,-168.40,21.76,1459,18392
52,21,990.28,22.50,-168.39,21.75,1460,19789
52,21,990.28,22.50,-168.36,21.75,1461,20917
52,21,990.28,22.49,-168.37,21.74,1463,22315
52,21,990.28,22.49,-168.35,21.74,1464,23442
53,21,990.28,22.48,-168.32,21.74,1465,24841
53,21,990.28,22.48,-168.31,21.74,1466,25967
52,21,990.27,22.47,-168.25,21.74,1468,27366
52,21,990.27,22.47,-168.24,21.74,1469,28492
53,21,990.26,22.46,-168.22,21.73,1470,29890
53,21,990.26,22.46,-168.22,21.73,1471,31017
53,21,990.26,22.45,-168.20,21.73,1473,32415
53,21,990.26,22.45,-168.20,21.73,1474,-31993
53,21,990.27,22.44,-168.23,21.72,1475,-30594
53,21,990.26,22.44,-168.22,21.72,1476,-29466
53,21,990.26,22.43,-168.22,21.72,1478,-28067
53,21,990.27,22.43,-168.25,21.72,1479,-26939
53,21,990.27,22.42,-168.28,21.71,1480,-25540
53,21,990.27,22.41,-168.24,21.70,1481,-24412
53,21,990.27,22.41,-168.26,21.70,1483,-23012
53,21,990.27,22.40,-168.25,21.70,1484,-21884
53,21,990.27,22.40,-168.28,21.70,1485,-20485
53,21,990.27,22.39,-168.30,21.69,1487,-19357
53,21,990.27,22.39,-168.29,21.69,1488,-17958
53,21,990.27,22.38,-168.28,21.69,1489,-16830
53,21,990.27,22.38,-168.28,21.69,1490,-15431
53,21,990.27,22.37,-168.29,21.69,1492,-14303
53,21,990.27,22.36,-168.30,21.68,1493,-12903
53,21,990.27,22.36,-168.30,21.68,1494,-11775
53,21,990.28,22.36,-168.31,21.68,1495,-10377
53,21,990.28,22.35,-168.32,21.67,1497,-9248
53,21,990.28,22.35,-168.36,21.67,1498,-7844
53,21,990.28,22.34,-168.40,21.67,1499,-6717
53,21,990.29,22.34,-168.41,21.67,1501,-5319
53,21,990.29,22.33,-168.41,21.67,1502,-4193
53,21,990.29,22.33,-168.42,21.67,1503,-2794
53,21,990.28,22.32,-168.39,21.66,1504,-1668
53,21,990.29,22.32,-168.40,21.66,1506,-270
53,21,990.29,22.31,-168.43,21.65,1507,857
54,21,990.29,22.30,-168.41,21.65,1508,2253
54,21,990.28,22.30,-168.40,21.65,1509,3379
54,21,990.29,22.30,-168.41,21.65,1511,4776
54,21,990.28,22.29,-168.36,21.65,1512,5902
54,21,990.28,22.29,-168.33,21.65,1513,7299
54,21,990.27,22.28,-168.30,21.64,1514,8425
54,21,990.27,22.28,-168.30,21.64,1516,9823
54,21,990.27,22.27,-168.28,21.64,1517,10948
54,21,990.27,22.27,-168.29,21.64,1518,12347
54,21,990.27,22.26,-168.29,21.63,1519,13473
54,21,990.27,22.26,-168.25,21.63,1521,14871
54,21,990.27,22.25,-168.23,21.63,1522,15998
54,21,990.27,22.25,-168.24,21.63,1523,17397
54,21,990.26,22.25,-168.21,21.63,1524,18524
54,21,990.26,22.24,-168.21,21.62,1526,19922
54,21,990.26,22.24,-168.19,21.62,1527,21049
54,21,990.26,22.23,-168.16,21.61,1528,22447
54,21,990.26,22.23,-168.16,21.61,1529,23574
54,21,990.25,22.22,-168.13,21.61,1531,24972
54,21,990.25,22.22,-168.11,21.61,1532,26099
54,21,990.26,22.22,-168.15,21.61,1533,27497
54,21,990.26,22.21,-168.17,21.60,1534,28623
54,21,990.26,22.21,-168.18,21.60,1536,30021
54,21,990.26,22.21,-168.18,21.60,1537,31149
54,21,990.26,22.20,-168.18,21.60,1538,32546
54,21,990.26,22.20,-168.22,21.60,1540,-31862
54,21,990.26,22.20,-168.22,21.60,1541,-30462
54,21,990.27,22.20,-168.23,21.60,1542,-29335
54,21,990.26,22.19,-168.22,21.60,1543,-27936
54,21,990.27,22.19,-168.28,21.60,1545,-26808
54,21,990.27,22.18,-168.25,21.59,1546,-25409
54,21,990.27,22.18,-168.25,21.59,1547,-24281
54,21,990.27,22.18,-168.23,21.59,1549,-22881
54,21,990.27,22.17,-168.24,21.58,1550,-21753
54,21,990.27,22.16,-168.27,21.58,1551,-20354
54,21,990.27,22.16,-168.27,21.58,1552,-19226
54,21,990.27,22.16,-168.23,21.58,1554,-17827
54,21,990.27,22.15,-168.24,21.58,1555,-16699
54,21,990.27,22.15,-168.24,21.58,1556,-15299
54,21,990.27,22.14,-168.23,21.57,1557,-14145
54,21,990.26,22.14,-168.21,21.57,1559,-12746
54,21,990.26,22.13,-168.20,21.56,1560,-11618
54,21,990.27,22.13,-168.23,21.56,1561,-10218
54,21,990.26,22.12,-168.21,21.56,1562,-9091
54,21,990.27,22.12,-168.25,21.56,1564,-7693
54,21,990.27,22.11,-168.23,21.56,1565,-6565
54,21,990.27,22.11,-168.26,21.56,1566,-5168
54,21,990.27,22.11,-168.28,21.56,1567,-4040
54,21,990.27,22.10,-168.25,21.55,1569,-2641
54,21,990.27,22.10,-168.28,21.55,1570,-1515
54,21,990.28,22.10,-168.33,21.55,1571,-117
54,21,990.28,22.10,-168.33,21.55,1572,1009
54,21,990.28,22.09,-168.38,21.55,1574,2406
54,21,990.28,22.09,-168.36,21.55,1575,3532
54,21,990.28,22.09,-168.34,21.55,1576,4930
54,21,990.28,22.08,-168.32,21.54,1577,6055
54,21,990.28,22.08,-168.32,21.54,1579,7452
54,21,990.28,22.08,-168.35,21.54,1580,8579
54,21,990.28,22.07,-168.35,21.53,1581,9976
54,21,990.28,22.07,-168.38,21.53,1583,11102
54,21,990.29,22.06,-168.40,21.53,1584,12500
54,21,990.29,22.06,-168.44,21.53,1585,13627
54,21,990.29,22.06,-168.42,21.53,1586,15025
54,21,990.29,22.05,-168.42,21.52,1588,16152
54,21,990.29,22.05,-168.43,21.52,1589,17551
54,21,990.29,22.05,-168.44,21.52,1590,18677
54,21,990.29,22.04,-168.42,21.52,1591,20075
54,21,990.29,22.04,-168.45,21.52,1593,21202
54,21,990.29,22.03,-168.47,21.51,1594,22600
54,21,990.29,22.03,-168.48,21.51,1595,23728
54,21,990.30,22.03,-168.49,21.51,1597,25126
54,21,990.29,22.02,-168.44,21.51,1598,26253
54,21,990.29,22.02,-168.46,21.51,1599,27651
54,21,990.29,22.01,-168.47,21.51,1600,28778
54,21,990.29,22.01,-168.44,21.51,1602,30176
54,21,990.29,22.01,-168.44,21.51,1603,31303
54,21,990.29,22.00,-168.42,21.50,1604,32702
54,21,990.29,22.00,-168.41,21.50,1605,-31708
54,21,990.28,22.00,-168.38,21.50,1607,-30309
54,21,990.28,21.99,-168.36,21.49,1608,-29180
55,21,990.28,21.99,-168.34,21.49,1609,-27782
55,21,990.27,21.99,-168.30,21.49,1610,-26648
55,21,990.27,21.99,-168.28,21.49,1612,-25249
55,21,990.27,21.98,-168.30,21.49,1613,-24121
55,21,990.27,21.98,-168.28,21.49,1614,-22722
55,21,990.27,21.98,-168.27,21.49,1615,-21594
55,21,990.27,21.97,-168.25,21.49,1617,-20194
55,21,990.27,21.97,-168.28,21.49,1618,-19066
55,21,990.27,21.97,-168.31,21.49,1619,-17667
55,21,990.27,21.97,-168.29,21.49,1620,-16539
55,21,990.28,21.96,-168.32,21.48,1622,-15140
55,21,990.28,21.96,-168.33,21.48,1623,-14012
55,21,990.28,21.96,-168.38,21.48,1624,-12613
55,21,990.28,21.95,-168.36,21.48,1625,-11485
55,21,990.28,21.95,-168.38,21.48,1627,-10085
55,21,990.28,21.95,-168.39,21.48,1628,-8957
55,21,990.28,21.95,-168.39,21.48,1629,-7559
55,21,990.28,21.94,-168.34,21.47,1631,-6432
55,21,990.28,21.94,-168.34,21.47,1632,-5034
55,21,990.28,21.94,-168.37,21.47,1633,-3907
55,21,990.28,21.93,-168.32,21.47,1634,-2508
55,21,990.28,21.93,-168.35,21.47,1636,-1382
55,21,990.28,21.93,-168.33,21.47,1637,17
55,21,990.28,21.93,-168.35,21.47,1638,1140
55,21,990.27,21.92,-168.30,21.46,1639,2537
55,21,990.28,21.92,-168.33,21.46,1641,3663
55,21,990.27,21.91,-168.31,21.45,1642,5061
55,21,990.27,21.91,-168.31,21.45,1643,6187
55,21,990.27,21.91,-168.31,21.45,1645,7584
55,21,990.28,21.90,-168.34,21.45,1646,8710
55,21,990.28,21.90,-168.32,21.45,1647,10106
55,21,990.28,21.90,-168.32,21.45,1648,11234
55,21,990.28,21.89,-168.33,21.44,1650,12632
55,21,990.28,21.89,-168.32,21.44,1651,13758
55,21,990.28,21.89,-168.33,21.44,1652,15157
55,21,990.28,21.89,-168.33,21.44,1653,16283
55,21,990.28,21.88,-168.34,21.44,1655,17681
55,21,990.28,21.88,-168.36,21.44,1656,18808
55,21,990.27,21.87,-168.31,21.44,1657,20206
55,21,990.28,21.87,-168.34,21.44,1658,21334
55,21,990.28,21.87,-168.34,21.44,1660,22732
55,21,990.28,21.87,-168.32,21.44,1661,23859
55,21,990.27,21.86,-168.32,21.43,1662,25256
55,21,990.27,21.86,-168.31,21.43,1663,26384
55,21,990.27,21.86,-168.31,21.43,1665,27782
55,21,990.27,21.85,-168.30,21.42,1666,28909
55,21,990.27,21.85,-168.30,21.42,1667,30308
55,21,990.27,21.85,-168.30,21.42,1668,31434
55,21,990.27,21.85,-168.30,21.42,1670,-32704
55,21,990.27,21.84,-168.28,21.42,1671,-31576
55,21,990.27,21.84,-168.30,21.42,1672,-30176
55,21,990.27,21.84,-168.30,21.42,1673,-29048
55,21,990.27,21.84,-168.27,21.42,1675,-27648
55,21,990.27,21.84,-168.28,21.42,1676,-26521
55,21,990.27,21.83,-168.31,21.42,1677,-25122
55,21,990.28,21.83,-168.32,21.42,1678,-23994
55,21,990.28,21.83,-168.34,21.42,1680,-22594
55,21,990.28,21.83,-168.34,21.42,1681,-21467
55,21,990.28,21.82,-168.33,21.41,1682,-20067
55,21,990.28,21.82,-168.36,21.41,1684,-18939
55,21,990.28,21.82,-168.39,21.41,1685,-17541
55,21,990.28,21.82,-168.39,21.41,1686,-16412
55,21,990.28,21.81,-168.39,21.40,1687,-15012
55,21,990.28,21.81,-168.33,21.40,1689,-13885
55,21,990.28,21.81,-168.36,21.40,1690,-12485
55,21,990.28,21.81,-168.31,21.40,1691,-11358
55,21,990.28,21.80,-168.33,21.40,1693,-9959
55,21,990.28,21.80,-168.36,21.40,1694,-8831
55,21,990.28,21.80,-168.39,21.40,1695,-7433
55,21,990.28,21.80,-168.37,21.40,1696,-6306
55,21,990.29,21.80,-168.40,21.40,1698,-4909
55,21,990.29,21.80,-168.40,21.40,1699,-3781
55,21,990.28,21.79,-168.36,21.40,1700,-2383
55,21,990.28,21.79,-168.35,21.40,1701,-1256
55,21,990.28,21.79,-168.37,21.40,1703,142
55,21,990.28,21.79,-168.38,21.40,1704,1266
55,21,990.28,21.78,-168.38,21.39,1705,2663
55,21,990.28,21.78,-168.39,21.39,1706,3789
55,21,990.28,21.78,-168.39,21.39,1708,5187
55,21,990.29,21.78,-168.42,21.39,1709,6312
55,21,990.28,21.77,-168.39,21.39,1710,7709
55,21,990.28,21.77,-168.39,21.39,1711,8836
55,21,990.28,21.77,-168.39,21.39,1713,10233
55,21,990.29,21.77,-168.42,21.39,1714,11360
55,21,990.29,21.77,-168.43,21.39,1715,12758
55,21,990.29,21.76,-168.40,21.38,1716,13885
55,20,990.29,21.76,-168.41,20.88,1718,15283
55,20,990.29,21.76,-168.41,20.88,1719,16410
55,20,990.28,21.75,-168.38,20.88,1720,17809
55,20,990.28,21.75,-168.38,20.88,1721,18935
55,20,990.28,21.74,-168.38,20.87,1723,20333
55,20,990.28,21.74,-168.39,20.87,1724,21460
55,20,990.28,21.74,-168.39,20.87,1725,22858
55,20,990.29,21.73,-168.40,20.86,1726,23986
55,20,990.28,21.73,-168.37,20.86,1728,25384
55,20,990.28,21.72,-168.37,20.86,1729,26511
55,20,990.28,21.72,-168.36,20.86,1730,27909
55,20,990.28,21.72,-168.34,20.86,1732,29036
55,20,990.27,21.72,-168.30,20.86,1733,30434
55,20,990.28,21.72,-168.33,20.86,1734,31561
55,20,990.28,21.71,-168.32,20.85,1735,-32577
55,20,990.28,21.71,-168.32,20.85,1737,-31450
55,20,990.28,21.71,-168.32,20.85,1738,-30051
55,20,990.28,21.71,-168.32,20.85,1739,-28922
55,20,990.28,21.71,-168.35,20.85,1740,-27524
55,20,990.28,21.71,-168.36,20.85,1742,-26395
55,20,990.28,21.70,-168.36,20.85,1743,-24995
55,20,990.28,21.70,-168.36,20.85,1744,-23868
55,20,990.28,21.70,-168.34,20.85,1746,-22469
55,20,990.27,21.70,-168.30,20.85,1747,-21341
55,20,990.27,21.69,-168.30,20.85,1748,-19942
55,20,990.27,21.69,-168.30,20.85,1749,-18813
55,20,990.27,21.69,-168.29,20.85,1751,-17414
55,20,990.27,21.68,-168.28,20.84,1752,-16286
55,20,990.27,21.68,-168.28,20.84,1753,-14887
55,20,990.27,21.68,-168.23,20.84,1754,-13759
55,20,990.27,21.67,-168.24,20.83,1756,-12360
55,20,990.27,21.67,-168.24,20.83,1757,-11232
55,20,990.27,21.67,-168.24,20.83,1758,-9832
55,20,990.27,21.67,-168.27,20.83,1759,-8706
55,20,990.27,21.66,-168.28,20.83,1761,-7308
55,20,990.27,21.66,-168.30,20.83,1762,-6180
55,20,990.27,21.66,-168.30,20.83,1763,-4783
55,20,990.27,21.66,-168.25,20.83,1764,-3655
55,20,990.27,21.65,-168.27,20.83,1766,-2256
55,20,990.27,21.65,-168.25,20.83,1767,-1130
55,20,990.27,21.65,-168.23,20.83,1768,268
55,20,990.27,21.64,-168.23,20.82,1769,1393
55,20,990.27,21.64,-168.24,20.82,1771,2790
55,20,990.27,21.64,-168.24,20.82,1772,3915
55,20,990.27,21.64,-168.26,20.82,1773,5313
55,20,990.27,21.63,-168.24,20.81,1774,6438
55,20,990.27,21.63,-168.24,20.81,1776,7835
55,20,990.27,21.63,-168.24,20.81,1777,8962
55,20,990.26,21.63,-168.22,20.81,1778,10359
55,20,990.26,21.63,-168.22,20.81,1779,11486
55,20,990.26,21.62,-168.21,20.81,1781,12883
55,20,990.27,21.62,-168.23,20.81,1782,14011
55,20,990.26,21.62,-168.22,20.81,1783,15409
55,20,990.26,21.62,-168.22,20.81,1785,16536
55,20,990.27,21.62,-168.23,20.81,1786,17935
55,20,990.26,21.62,-168.22,20.81,1787,19061
55,20,990.26,21.62,-168.21,20.81,1788,20459
55,20,990.26,21.61,-168.20,20.81,1790,21586
55,20,990.27,21.61,-168.23,20.81,1791,22984
55,20,990.27,21.61,-168.25,20.81,1792,24112
55,20,990.27,21.61,-168.25,20.81,1794,25510
55,20,990.27,21.61,-168.25,20.81,1795,26637
55,20,990.27,21.61,-168.26,20.81,1796,28035
55,20,990.27,21.61,-168.28,20.81,1797,29162
55,20,990.27,21.61,-168.28,20.81,1799,30560
55,20,990.27,21.60,-168.26,20.80,1800,31687
55,20,990.27,21.60,-168.24,20.80,1801,-32450
55,20,990.27,21.60,-168.24,20.80,1802,-31323
55,20,990.26,21.60,-168.21,20.80,1804,-29924
55,20,990.26,21.60,-168.22,20.80,1805,-28795
55,20,990.27,21.59,-168.24,20.80,1806,-27397
55,20,990.26,21.59,-168.22,20.80,1807,-26268
55,20,990.27,21.59,-168.24,20.80,1809,-24868
55,20,990.27,21.59,-168.23,20.80,1810,-23712
55,20,990.27,21.59,-168.27,20.80,1811,-22313
55,20,990.27,21.59,-168.30,20.80,1812,-21185
55,20,990.27,21.58,-168.29,20.79,1814,-19785
55,20,990.27,21.58,-168.31,20.79,1815,-18658
55,20,990.28,21.58,-168.32,20.79,1816,-17259
55,20,990.28,21.58,-168.32,20.79,1817,-16131
55,20,990.28,21.58,-168.34,20.79,1819,-14732
55,20,990.28,21.58,-168.36,20.79,1820,-13603
55,20,990.28,21.58,-168.32,20.79,1821,-12204
55,20,990.27,21.58,-168.31,20.79,1822,-11076
55,20,990.28,21.58,-168.32,20.79,1824,-9676
55,20,990.28,21.58,-168.32,20.79,1825,-8550
55,20,990.27,21.57,-168.31,20.78,1826,-7152
55,20,990.27,21.57,-168.31,20.78,1828,-6025
55,20,990.27,21.57,-168.29,20.78,1829,-4627
55,20,990.28,21.57,-168.32,20.78,1830,-3500
55,20,990.28,21.57,-168.32,20.78,1831,-2102
55,20,990.28,21.56,-168.31,20.78,1833,-975
55,20,990.28,21.56,-168.31,20.78,1834,421
55,20,990.28,21.56,-168.31,20.78,1835,1547
55,20,990.28,21.56,-168.34,20.78,1836,2944
55,20,990.28,21.55,-168.34,20.77,1838,4070
55,20,990.28,21.55,-168.37,20.77,1839,5467
55,20,990.28,21.55,-168.34,20.77,1840,6592
55,20,990.27,21.55,-168.31,20.77,1842,7989
55,20,990.28,21.55,-168.32,20.77,1843,9115
55,20,990.27,21.54,-168.28,20.77,1844,10512
55,20,990.27,21.54,-168.26,20.77,1845,11639
55,20,990.27,21.54,-168.26,20.77,1847,13038
55,20,990.27,21.54,-168.26,20.77,1848,14164
55,20,990.27,21.53,-168.24,20.76,1849,15562
55,20,990.27,21.53,-168.25,20.76,1850,16690
55,20,990.27,21.53,-168.29,20.76,1852,18087
55,20,990.27,21.53,-168.27,20.76,1853,19215
55,20,990.27,21.53,-168.30,20.76,1854,20614
55,20,990.27,21.53,-168.28,20.76,1855,21740
55,20,990.28,21.53,-168.31,20.76,1857,23138
55,20,990.28,21.52,-168.31,20.76,1858,24265
55,20,990.28,21.52,-168.33,20.76,1859,25674
55,20,990.27,21.52,-168.28,20.76,1860,26801
55,20,990.27,21.52,-168.30,20.76,1862,28199
55,20,990.27,21.52,-168.30,20.76,1863,29326
55,20,990.27,21.52,-168.30,20.76,1864,30724
55,20,990.27,21.52,-168.30,20.76,1865,31851
55,20,990.27,21.51,-168.30,20.76,1867,-32286
55,20,990.27,21.51,-168.29,20.76,1868,-31159
55,20,990.27,21.51,-168.28,20.76,1869,-29759
55,20,990.27,21.51,-168.26,20.76,1870,-28632
55,20,990.27,21.50,-168.26,20.75,1872,-27233
55,20,990.27,21.50,-168.26,20.75,1873,-26104
55,20,990.27,21.50,-168.23,20.75,1874,-24706
55,20,990.27,21.50,-168.23,20.75,1876,-23578
55,20,990.26,21.50,-168.21,20.75,1877,-22178
55,20,990.27,21.50,-168.24,20.75,1878,-21051
55,20,990.27,21.49,-168.27,20.74,1879,-19652
55,20,990.28,21.49,-168.31,20.74,1881,-18524
55,20,990.28,21.49,-168.34,20.74,1882,-17125
55,20,990.28,21.49,-168.38,20.74,1883,-15996
55,20,990.28,21.49,-168.39,20.74,1884,-14597
55,20,990.29,21.48,-168.40,20.74,1886,-13469
55,20,990.29,21.48,-168.40,20.74,1887,-12070
55,20,990.28,21.48,-168.39,20.74,1888,-10942
55,20,990.28,21.48,-168.40,20.74,1890,-9543
55,20,990.29,21.48,-168.42,20.74,1891,-8416
55,20,990.29,21.47,-168.44,20.74,1892,-7017
55,20,990.29,21.47,-168.47,20.74,1893,-5891
55,20,990.29,21.47,-168.47,20.74,1895,-4493
55,20,990.29,21.47,-168.44,20.74,1896,-3365
55,20,990.29,21.47,-168.42,20.74,1897,-1968
55,20,990.29,21.47,-168.43,20.74,1898,-840
55,20,990.29,21.47,-168.43,20.74,1900,558
55,20,990.29,21.46,-168.41,20.73,1901,1682
55,20,990.28,21.46,-168.36,20.73,1902,3079
55,20,990.28,21.46,-168.38,20.73,1903,4205
55,20,990.28,21.46,-168.39,20.73,1905,5603
55,20,990.28,21.46,-168.39,20.73,1906,6728
55,20,990.29,21.46,-168.42,20.73,1907,8125
55,20,990.28,21.46,-168.39,20.73,1908,9251
55,20,990.28,21.46,-168.39,20.73,1910,10648
55,20,990.28,21.46,-168.38,20.73,1911,11776
55,20,990.28,21.46,-168.36,20.73,1912,13174
55,20,990.28,21.46,-168.33,20.73,1913,14301
56,20,990.28,21.46,-168.35,20.73,1915,15698
56,20,990.28,21.46,-168.35,20.73,1916,16826
56,20,990.28,21.46,-168.35,20.73,1917,18225
56,20,990.28,21.46,-168.35,20.73,1918,19351
56,20,990.28,21.45,-168.33,20.73,1920,20749
56,20,990.28,21.45,-168.34,20.73,1921,21876
56,20,990.28,21.45,-168.36,20.73,1922,23275
56,20,990.28,21.45,-168.33,20.73,1923,24401
56,20,990.28,21.45,-168.33,20.73,1925,25799
56,20,990.28,21.45,-168.33,20.73,1926,26927
56,20,990.28,21.45,-168.32,20.73,1927,28324
56,20,990.27,21.45,-168.31,20.73,1929,29452
56,20,990.27,21.44,-168.31,20.72,1930,30851
56,20,990.28,21.44,-168.32,20.72,1931,31977
56,20,990.27,21.44,-168.31,20.72,1932,-32161
56,20,990.27,21.44,-168.28,20.72,1934,-31033
56,20,990.27,21.44,-168.26,20.72,1935,-29633
56,20,990.27,21.44,-168.28,20.72,1936,-28506
56,20,990.27,21.43,-168.24,20.72,1938,-27107
56,20,990.27,21.43,-168.24,20.72,1939,-25978
56,20,990.27,21.43,-168.24,20.72,1940,-24579
56,20,990.27,21.43,-168.24,20.72,1941,-23451
56,20,990.27,21.43,-168.26,20.72,1943,-22052
56,20,990.27,21.43,-168.28,20.72,1944,-20924
56,20,990.27,21.43,-168.30,20.72,1945,-19525
56,20,990.27,21.43,-168.30,20.72,1946,-18397
56,20,990.27,21.43,-168.30,20.72,1948,-16997
56,20,990.27,21.43,-168.27,20.72,1949,-15869
56,20,990.27,21.42,-168.24,20.71,1950,-14471
56,20,990.27,21.42,-168.24,20.71,1951,-13342
56,20,990.27,21.42,-168.24,20.71,1953,-11942
56,20,990.26,21.42,-168.22,20.71,1954,-10815
56,20,990.27,21.42,-168.25,20.71,1955,-9416
56,20,990.27,21.42,-168.24,20.71,1956,-8289
56,20,990.27,21.42,-168.27,20.71,1958,-6891
56,20,990.27,21.42,-168.28,20.71,1959,-5764
56,20,990.27,21.41,-168.30,20.70,1960,-4366
56,20,990.27,21.41,-168.28,20.70,1961,-3238
56,20,990.27,21.41,-168.31,20.70,1963,-1840
56,20,990.28,21.41,-168.36,20.70,1964,-713
56,20,990.28,21.41,-168.37,20.70,1965,684
56,20,990.28,21.41,-168.38,20.70,1966,1809
56,20,990.28,21.41,-168.38,20.70,1968,3207
56,20,990.28,21.40,-168.34,20.70,1969,4332
56,20,990.28,21.40,-168.32,20.70,1970,5729
56,20,990.28,21.40,-168.32,20.70,1971,6855
56,20,990.28,21.39,-168.33,20.69,1973,8253
56,20,990.28,21.39,-168.33,20.69,1974,9378
56,20,990.27,21.39,-168.30,20.69,1975,10775
56,20,990.27,21.38,-168.27,20.69,1977,11902
56,20,990.27,21.38,-168.28,20.69,1978,13301
56,20,990.27,21.38,-168.28,20.69,1979,14428
56,20,990.27,21.37,-168.27,20.69,1980,15825
56,20,990.27,21.37,-168.24,20.69,1982,16953
56,20,990.27,21.36,-168.28,20.68,1983,18351
56,20,990.27,21.36,-168.30,20.68,1984,19477
56,20,990.27,21.36,-168.29,20.68,1985,20875
56,20,990.27,21.36,-168.30,20.68,1987,22002
56,20,990.28,21.35,-168.33,20.67,1988,23400
56,20,990.28,21.35,-168.33,20.67,1989,24527
56,20,990.28,21.35,-168.31,20.67,1991,25926
56,20,990.27,21.35,-168.28,20.67,1992,27053
56,20,990.28,21.35,-168.34,20.67,1993,28450
56,20,990.28,21.35,-168.37,20.67,1994,29578
56,20,990.28,21.35,-168.37,20.67,1996,30977
56,20,990.28,21.34,-168.36,20.67,1997,32103
56,20,990.28,21.34,-168.32,20.67,1998,-32035
56,20,990.27,21.34,-168.29,20.67,1999,-30907
56,20,990.27,21.34,-168.31,20.67,2001,-29507
56,20,990.28,21.34,-168.32,20.67,2002,-28380
56,20,990.28,21.33,-168.34,20.67,2003,-26981
56,20,990.28,21.33,-168.36,20.67,2004,-25852
56,20,990.28,21.33,-168.37,20.67,2006,-24454
56,20,990.28,21.33,-168.32,20.67,2007,-23325
56,20,990.28,21.32,-168.32,20.66,2008,-21925
56,20,990.28,21.32,-168.35,20.66,2009,-20798
56,20,990.28,21.32,-168.33,20.66,2011,-19399
56,20,990.28,21.32,-168.34,20.66,2012,-18271
56,20,990.28,21.32,-168.36,20.66,2013,-16871
56,20,990.28,21.31,-168.36,20.65,2014,-15743
56,20,990.28,21.31,-168.34,20.65,2016,-14345
56,20,990.28,21.31,-168.32,20.65,2017,-13216
56,20,990.28,21.31,-168.34,20.65,2018,-11817
56,20,990.28,21.31,-168.32,20.65,2019,-10689
56,20,990.27,21.30,-168.31,20.65,2021,-9289
56,20,990.28,21.30,-168.32,20.65,2022,-8163
56,20,990.28,21.30,-168.36,20.65,2023,-6765
56,20,990.28,21.30,-168.32,20.65,2025,-5638
56,20,990.27,21.30,-168.28,20.65,2026,-4239
56,20,990.27,21.30,-168.31,20.65,2027,-3112
56,20,990.27,21.30,-168.29,20.65,2028,-1715
56,20,990.27,21.30,-168.29,20.65,2030,-587
56,20,990.27,21.30,-168.26,20.65,2031,811
56,20,990.27,21.30,-168.28,20.65,2032,1935
56,20,990.27,21.30,-168.29,20.65,2033,3332
56,20,990.27,21.30,-168.28,20.65,2035,4458
56,20,990.27,21.30,-168.25,20.65,2036,5856
56,20,990.27,21.30,-168.25,20.65,2037,6981
56,20,990.26,21.30,-168.20,20.65,2039,8378
56,20,990.26,21.30,-168.22,20.65,2040,9504
56,20,990.26,21.30,-168.22,20.65,2041,10902
56,20,990.27,21.30,-168.24,20.65,2042,12028
56,20,990.27,21.30,-168.24,20.65,2044,13426
56,20,990.27,21.30,-168.24,20.65,2045,14554
56,20,990.27,21.30,-168.23,20.65,2046,15951
56,20,990.26,21.30,-168.20,20.65,2047,17079
56,20,990.26,21.30,-168.20,20.65,2049,18477
56,20,990.27,21.30,-168.28,20.65,2050,19603
56,20,990.27,21.30,-168.28,20.65,2051,21001
56,20,990.27,21.30,-168.26,20.65,2052,22128
56,20,990.27,21.30,-168.28,20.65,2054,23527
56,20,990.27,21.30,-168.28,20.65,2055,24653
56,20,990.27,21.30,-168.26,20.65,2056,26051
56,20,990.27,21.30,-168.26,20.65,2057,27179
56,20,990.27,21.30,-168.26,20.65,2059,28577
56,20,990.27,21.30,-168.26,20.65,2060,29704
56,20,990.27,21.30,-168.26,20.65,2061,31101
56,20,990.26,21.30,-168.19,20.65,2062,32229
56,20,990.26,21.30,-168.17,20.65,2064,-31908
56,20,990.26,21.30,-168.19,20.65,2065,-30781
56,20,990.26,21.30,-168.19,20.65,2066,-29382
56,20,990.26,21.30,-168.20,20.65,2067,-28254
56,20,990.26,21.30,-168.19,20.65,2069,-26855
56,20,990.26,21.30,-168.19,20.65,2070,-25705
56,20,990.26,21.30,-168.20,20.65,2071,-24306
56,20,990.26,21.30,-168.19,20.65,2073,-23178
56,20,990.26,21.30,-168.22,20.65,2074,-21778
56,20,990.26,21.30,-168.22,20.65,2075,-20650
56,20,990.26,21.30,-168.20,20.65,2076,-19252
56,20,990.26,21.30,-168.22,20.65,2078,-18123
56,20,990.26,21.30,-168.19,20.65,2079,-16724
56,20,990.26,21.30,-168.18,20.65,2080,-15596
56,20,990.26,21.29,-168.17,20.65,2081,-14196
56,20,990.26,21.29,-168.17,20.65,2083,-13069
56,20,990.26,21.29,-168.20,20.65,2084,-11670
56,20,990.26,21.29,-168.21,20.65,2085,-10542
56,20,990.26,21.29,-168.20,20.65,2087,-9142
56,20,990.26,21.29,-168.21,20.65,2088,-8015
56,20,990.26,21.28,-168.21,20.64,2089,-6618
56,20,990.26,21.28,-168.20,20.64,2090,-5490
56,20,990.26,21.28,-168.20,20.64,2092,-4092
56,20,990.26,21.28,-168.17,20.64,2093,-2966
56,20,990.26,21.29,-168.17,20.65,2094,-1568
56,20,990.25,21.29,-168.14,20.65,2095,-441
56,20,990.25,21.29,-168.14,20.65,2097,956
56,20,990.25,21.28,-168.11,20.64,2098,2081
56,20,990.25,21.28,-168.11,20.64,2099,3479
56,20,990.25,21.28,-168.11,20.64,2100,4604
56,20,990.25,21.28,-168.11,20.64,2102,6001
56,20,990.25,21.28,-168.12,20.64,2103,7128
56,20,990.26,21.28,-168.15,20.64,2104,8525
56,20,990.26,21.28,-168.15,20.64,2105,9651
56,20,990.25,21.28,-168.14,20.64,2107,11047
56,20,990.25,21.28,-168.12,20.64,2108,12175
56,20,990.25,21.28,-168.09,20.64,2109,13574
56,20,990.25,21.28,-168.11,20.64,2110,14700
56,20,990.25,21.28,-168.11,20.64,2112,16098
56,20,990.25,21.28,-168.12,20.64,2113,17225
56,20,990.25,21.28,-168.15,20.64,2114,18624
56,20,990.26,21.28,-168.15,20.64,2115,19750
56,20,990.25,21.28,-168.13,20.64,2117,21148
56,20,990.26,21.28,-168.15,20.64,2118,22276
56,20,990.25,21.27,-168.13,20.64,2119,23673
56,20,990.26,21.27,-168.15,20.64,2120,24800
56,20,990.26,21.27,-168.15,20.64,2122,26198
56,20,990.25,21.27,-168.13,20.64,2123,27325
56,20,990.26,21.27,-168.16,20.64,2124,28723
56,20,990.26,21.27,-168.21,20.64,2126,29850
56,20,990.26,21.27,-168.22,20.64,2127,31249
56,20,990.27,21.27,-168.25,20.64,2128,32375
56,20,990.27,21.27,-168.23,20.64,2129,-31763
56,20,990.26,21.27,-168.22,20.64,2131,-30634
56,20,990.26,21.27,-168.22,20.64,2132,-29235
56,20,990.26,21.27,-168.22,20.64,2133,-28107
56,20,990.26,21.27,-168.19,20.64,2135,-26708
56,20,990.26,21.27,-168.19,20.64,2136,-25580
56,20,990.26,21.26,-168.16,20.63,2137,-24180
56,20,990.26,21.26,-168.14,20.63,2138,-23053
56,20,990.25,21.26,-168.13,20.63,2140,-21653
56,20,990.25,21.26,-168.13,20.63,2141,-20526
56,20,990.26,21.26,-168.14,20.63,2142,-19127
56,20,990.26,21.26,-168.14,20.63,2143,-17998
56,20,990.25,21.26,-168.11,20.63,2145,-16599
56,20,990.25,21.26,-168.10,20.63,2146,-15471
56,20,990.25,21.26,-168.08,20.63,2147,-14072
56,20,990.25,21.26,-168.10,20.63,2148,-12944
56,20,990.25,21.25,-168.07,20.63,2150,-11544
56,20,990.25,21.25,-168.08,20.63,2151,-10417
56,20,990.25,21.25,-168.10,20.63,2152,-9018
56,20,990.25,21.25,-168.06,20.63,2153,-7890
56,20,990.25,21.25,-168.08,20.63,2155,-6493
56,20,990.25,21.25,-168.11,20.63,2156,-5365
56,20,990.25,21.25,-168.12,20.63,2157,-3966
56,20,990.25,21.25,-168.11,20.63,2158,-2840
56,20,990.25,21.25,-168.11,20.63,2160,-1442
56,20,990.25,21.25,-168.14,20.63,2161,-315
56,20,990.25,21.25,-168.12,20.63,2162,1083
56,20,990.25,21.25,-168.14,20.63,2163,2208
56,20,990.25,21.25,-168.14,20.63,2165,3605
56,20,990.26,21.25,-168.15,20.63,2166,4731
56,20,990.26,21.25,-168.16,20.63,2167,6129
56,20,990.26,21.25,-168.15,20.63,2168,7255
56,20,990.27,21.25,-168.23,20.63,2170,8651
56,20,990.27,21.25,-168.24,20.63,2171,9778
56,20,990.27,21.25,-168.23,20.63,2172,11175
56,20,990.26,21.25,-168.21,20.63,2174,12302
56,20,990.26,21.25,-168.21,20.63,2175,13700
56,20,990.26,21.24,-168.18,20.62,2176,14827
56,20,990.26,21.24,-168.18,20.62,2177,16225
56,20,990.26,21.24,-168.16,20.62,2179,17351
56,20,990.26,21.24,-168.18,20.62,2180,18749
56,20,990.25,21.24,-168.13,20.62,2181,19876
56,20,990.25,21.24,-168.12,20.62,2182,21274
56,20,990.25,21.24,-168.09,20.62,2184,22402
56,20,990.25,21.24,-168.09,20.62,2185,23800
56,20,990.25,21.24,-168.10,20.62,2186,24927
56,20,990.25,21.24,-168.10,20.62,2188,26324
56,20,990.25,21.24,-168.10,20.62,2189,27452
56,20,990.25,21.24,-168.10,20.62,2190,28851
56,20,990.25,21.24,-168.12,20.62,2191,29977
56,20,990.25,21.24,-168.12,20.62,2193,31375
56,20,990.26,21.24,-168.16,20.62,2194,32502
56,20,990.26,21.24,-168.18,20.62,2195,-31635
56,20,990.26,21.24,-168.21,20.62,2196,-30508
56,20,990.26,21.24,-168.19,20.62,2198,-29109
56,20,990.26,21.24,-168.21,20.62,2199,-27980
56,20,990.26,21.23,-168.16,20.61,2200,-26581
56,20,990.26,21.23,-168.14,20.61,2201,-25453
56,20,990.26,21.23,-168.16,20.61,2203,-24053
56,20,990.26,21.23,-168.14,20.61,2204,-22926
56,20,990.25,21.23,-168.13,20.61,2205,-21527
56,20,990.25,21.23,-168.12,20.61,2206,-20399
56,20,990.25,21.23,-168.13,20.61,2208,-18999
56,20,990.26,21.23,-168.14,20.61,2209,-17871
56,20,990.26,21.23,-168.14,20.61,2210,-16473
56,20,990.26,21.23,-168.17,20.61,2211,-15344
56,20,990.26,21.23,-168.20,20.61,2213,-13944
56,20,990.26,21.23,-168.16,20.61,2214,-12817
56,20,990.26,21.23,-168.16,20.61,2215,-11418
56,20,990.26,21.22,-168.15,20.61,2216,-10290
56,20,990.25,21.22,-168.12,20.61,2218,-8890
56,20,990.25,21.22,-168.11,20.61,2219,-7763
56,20,990.25,21.22,-168.09,20.61,2220,-6366
56,20,990.25,21.22,-168.08,20.61,2222,-5238
56,20,990.25,21.22,-168.08,20.61,2223,-3839
56,20,990.24,21.21,-168.03,20.60,2224,-2713
56,20,990.24,21.21,-168.03,20.60,2225,-1315
56,20,990.24,21.21,-168.03,20.60,2227,-188
56,20,990.24,21.21,-168.05,20.60,2228,1210
56,20,990.24,21.21,-168.03,20.60,2229,2335
56,20,990.25,21.21,-168.06,20.60,2230,3732
56,20,990.25,21.21,-168.06,20.60,2232,4858
56,20,990.24,21.21,-168.05,20.60,2233,6256
56,20,990.24,21.21,-168.05,20.60,2234,7382
56,20,990.25,21.21,-168.08,20.60,2236,8778
56,20,990.25,21.21,-168.08,20.60,2237,9905
56,20,990.25,21.21,-168.08,20.60,2238,11300
56,20,990.25,21.21,-168.08,20.60,2239,12428
56,20,990.25,21.21,-168.06,20.60,2241,13827
56,20,990.24,21.21,-168.02,20.60,2242,14953
56,20,990.24,21.21,-168.00,20.60,2243,16351
56,20,990.24,21.21,-168.02,20.60,2244,17478
56,20,990.24,21.21,-168.05,20.60,2246,18888
56,20,990.24,21.21,-168.05,20.60,2247,20016
56,20,990.24,21.20,-168.03,20.60,2248,21414
56,20,990.24,21.20,-168.03,20.60,2249,22541
56,20,990.24,21.20,-168.00,20.60,2251,23939
56,20,990.24,21.20,-168.03,20.60,2252,25066
56,20,990.24,21.20,-168.05,20.60,2253,26465
56,20,990.25,21.20,-168.06,20.60,2254,27591
56,20,990.25,21.20,-168.06,20.60,2256,28989
56,20,990.25,21.20,-168.08,20.60,2257,30116
56,20,990.25,21.20,-168.08,20.60,2258,31515
56,20,990.24,21.20,-168.04,20.60,2259,32642
56,20,990.24,21.20,-168.04,20.60,2261,-31497
56,20,990.25,21.20,-168.08,20.60,2262,-30368
56,20,990.25,21.20,-168.09,20.60,2263,-28968
56,20,990.25,21.20,-168.09,20.60,2264,-27841
56,20,990.25,21.20,-168.08,20.60,2266,-26442
56,20,990.25,21.20,-168.08,20.60,2267,-25314
56,20,990.25,21.20,-168.06,20.60,2268,-23914
56,20,990.25,21.20,-168.09,20.60,2270,-22787
56,20,990.25,21.20,-168.08,20.60,2271,-21388
56,20,990.25,21.20,-168.08,20.60,2272,-20259
56,20,990.24,21.19,-168.04,20.60,2273,-18860
56,20,990.24,21.19,-168.05,20.60,2275,-17732
56,20,990.25,21.19,-168.08,20.60,2276,-16333
56,20,990.25,21.19,-168.08,20.60,2277,-15205
56,20,990.25,21.19,-168.07,20.60,2278,-13805
56,20,990.25,21.19,-168.07,20.60,2280,-12678
56,20,990.25,21.19,-168.07,20.60,2281,-11279
56,20,990.24,21.19,-168.05,20.60,2282,-10150
56,20,990.24,21.19,-168.02,20.60,2284,-8751
56,20,990.24,21.19,-168.02,20.60,2285,-7624
56,20,990.24,21.19,-168.04,20.60,2286,-6226
56,20,990.24,21.19,-168.02,20.60,2287,-5099
56,20,990.24,21.19,-168.02,20.60,2289,-3700
56,20,990.24,21.19,-168.02,20.60,2290,-2574
56,20,990.23,21.19,-167.96,20.60,2291,-1176
56,20,990.23,21.19,-167.94,20.60,2292,-49
56,20,990.23,21.19,-167.93,20.60,2294,1346
56,20,990.23,21.19,-167.93,20.60,2295,2472
56,20,990.23,21.19,-167.94,20.60,2296,3870
56,20,990.23,21.19,-167.94,20.60,2297,4996
56,20,990.23,21.18,-167.94,20.59,2299,6392
56,20,990.23,21.18,-167.94,20.59,2300,7519
56,20,990.24,21.18,-167.97,20.59,2301,8916
56,20,990.24,21.18,-167.97,20.59,2302,10042
56,20,990.24,21.18,-167.97,20.59,2304,11440
56,20,990.24,21.19,-167.99,20.60,2305,12567
56,20,990.24,21.19,-167.99,20.60,2306,13966
56,20,990.24,21.19,-168.01,20.60,2307,15092
56,20,990.23,21.18,-167.96,20.59,2309,16490
56,20,990.24,21.18,-167.97,20.59,2310,17617
56,20,990.24,21.18,-167.97,20.59,2311,19016
56,20,990.24,21.18,-167.97,20.59,2312,20165
56,20,990.23,21.18,-167.96,20.59,2314,21563
56,20,990.24,21.18,-167.97,20.59,2315,22690
56,20,990.24,21.18,-167.97,20.59,2316,24089
56,20,990.23,21.18,-167.93,20.59,2318,25216
56,20,990.23,21.18,-167.91,20.59,2319,26613
56,20,990.23,21.18,-167.90,20.59,2320,27741
56,20,990.22,21.18,-167.88,20.59,2321,29139
56,20,990.23,21.18,-167.92,20.59,2323,30266
56,20,990.23,21.18,-167.92,20.59,2324,31664
56,20,990.23,21.18,-167.92,20.59,2325,-32745
56,20,990.23,21.18,-167.90,20.59,2326,-31345
56,20,990.23,21.18,-167.90,20.59,2328,-30218
56,20,990.23,21.18,-167.90,20.59,2329,-28819
56,20,990.23,21.18,-167.88,20.59,2330,-27690
56,20,990.22,21.18,-167.85,20.59,2332,-26291
56,20,990.22,21.18,-167.84,20.59,2333,-25163
56,20,990.22,21.18,-167.83,20.59,2334,-23764
56,20,990.22,21.18,-167.84,20.59,2335,-22636
56,20,990.22,21.18,-167.83,20.59,2337,-21236
56,20,990.21,21.17,-167.78,20.58,2338,-20109
56,20,990.21,21.17,-167.78,20.58,2339,-18710
56,20,990.21,21.17,-167.78,20.58,2340,-17582
56,20,990.21,21.17,-167.79,20.58,2342,-16183
56,20,990.22,21.17,-167.81,20.58,2343,-15054
56,20,990.22,21.17,-167.81,20.58,2344,-13655
56,20,990.22,21.17,-167.83,20.58,2345,-12527
56,20,990.22,21.18,-167.85,20.59,2347,-11128
56,20,990.22,21.17,-167.81,20.58,2348,-10000
56,20,990.22,21.17,-167.81,20.58,2349,-8600
56,20,990.21,21.17,-167.79,20.58,2350,-7474
56,20,990.21,21.17,-167.79,20.58,2352,-6076
56,20,990.21,21.17,-167.79,20.58,2353,-4948
56,20,990.22,21.17,-167.81,20.58,2354,-3550
56,20,990.22,21.17,-167.83,20.58,2355,-2423
56,20,990.21,21.17,-167.77,20.58,2357,-1026
56,20,990.21,21.17,-167.79,20.58,2358,102
56,20,990.21,21.17,-167.77,20.58,2359,1498
56,20,990.21,21.17,-167.74,20.58,2360,2624
56,20,990.21,21.17,-167.74,20.58,2362,4021
56,20,990.21,21.17,-167.72,20.58,2363,5147
56,20,990.20,21.17,-167.71,20.58,2364,6544
56,20,990.21,21.17,-167.72,20.58,2366,7669
56,20,990.21,21.17,-167.72,20.58,2367,9066
56,20,990.21,21.17,-167.72,20.58,2368,10192
56,20,990.21,21.17,-167.75,20.58,2369,11591
56,20,990.21,21.17,-167.77,20.58,2371,12718
56,20,990.20,21.17,-167.71,20.58,2372,14115
56,20,990.21,21.17,-167.73,20.58,2373,15243
56,20,990.20,21.16,-167.70,20.58,2374,16642
56,20,990.20,21.16,-167.69,20.58,2376,17768
56,20,990.20,21.16,-167.69,20.58,2377,19166
56,20,990.20,21.16,-167.70,20.58,2378,20293
56,20,990.21,21.17,-167.75,20.58,2380,21692
56,20,990.21,21.17,-167.73,20.58,2381,22818
56,20,990.21,21.17,-167.73,20.58,2382,24216
56,20,990.20,21.17,-167.71,20.58,2383,25344
56,20,990.20,21.17,-167.71,20.58,2385,26742
56,20,990.21,21.17,-167.72,20.58,2386,27869
56,20,990.20,21.17,-167.71,20.58,2387,29266
56,20,990.20,21.17,-167.71,20.58,2388,30394
56,20,990.20,21.17,-167.69,20.58,2390,31793
56,20,990.20,21.17,-167.66,20.58,2391,-32617
56,20,990.20,21.17,-167.63,20.58,2392,-31218
56,20,990.19,21.16,-167.61,20.58,2393,-30090
56,20,990.19,21.16,-167.61,20.58,2395,-28690
56,20,990.19,21.16,-167.61,20.58,2396,-27562
56,20,990.19,21.16,-167.61,20.58,2397,-26164
56,20,990.20,21.17,-167.65,20.58,2398,-25035
56,20,990.20,21.17,-167.65,20.58,2400,-23635
56,20,990.20,21.17,-167.66,20.58,2401,-22508
56,20,990.20,21.17,-167.63,20.58,2402,-21109
56,20,990.20,21.17,-167.65,20.58,2403,-19981
56,20,990.19,21.16,-167.58,20.58,2405,-18581
56,20,990.19,21.16,-167.61,20.58,2406,-17454
56,20,990.19,21.16,-167.59,20.58,2407,-16055
56,20,990.19,21.16,-167.59,20.58,2408,-14926
56,20,990.19,21.16,-167.58,20.58,2410,-13527
56,20,990.19,21.16,-167.57,20.58,2411,-12399
56,20,990.18,21.16,-167.54,20.58,2412,-11000
56,20,990.19,21.16,-167.57,20.58,2413,-9872
56,20,990.18,21.16,-167.52,20.58,2415,-8474
56,20,990.18,21.16,-167.49,20.58,2416,-7347
56,20,990.18,21.16,-167.48,20.58,2417,-5948
56,20,990.18,21.16,-167.46,20.58,2419,-4821
56,20,990.18,21.16,-167.49,20.58,2420,-3424
56,20,990.18,21.16,-167.48,20.58,2421,-2296
56,20,990.18,21.16,-167.46,20.58,2422,-898
56,20,990.18,21.16,-167.48,20.58,2424,228
56,20,990.17,21.16,-167.45,20.58,2425,1624
56,20,990.18,21.16,-167.48,20.58,2426,2750
56,20,990.18,21.16,-167.50,20.58,2428,4148
56,20,990.18,21.16,-167.49,20.58,2429,5273
56,20,990.18,21.16,-167.52,20.58,2430,6670
56,20,990.18,21.16,-167.54,20.58,2431,7796
56,20,990.18,21.16,-167.54,20.58,2433,9194
56,20,990.19,21.16,-167.55,20.58,2434,10333
56,20,990.18,21.16,-167.52,20.58,2435,11730
56,20,990.18,21.16,-167.50,20.58,2436,12858
56,20,990.18,21.16,-167.47,20.58,2438,14257
56,20,990.18,21.16,-167.46,20.58,2439,15383
56,20,990.18,21.16,-167.47,20.58,2440,16781
56,20,990.18,21.16,-167.46,20.58,2441,17908
56,20,990.18,21.16,-167.47,20.58,2443,19307
56,20,990.17,21.16,-167.45,20.58,2444,20433
56,20,990.17,21.16,-167.41,20.58,2445,21831
56,20,990.17,21.16,-167.43,20.58,2446,22959
56,20,990.17,21.16,-167.41,20.58,2448,24357
56,20,990.16,21.15,-167.34,20.58,2449,25484
56,20,990.17,21.16,-167.37,20.58,2450,26882
56,20,990.17,21.16,-167.37,20.58,2451,28009
56,20,990.17,21.16,-167.37,20.58,2453,29408
56,20,990.17,21.16,-167.42,20.58,2454,30534
56,20,990.17,21.16,-167.42,20.58,2455,31932
56,20,990.17,21.16,-167.42,20.58,2456,-32477
56,20,990.17,21.16,-167.40,20.58,2458,-31078
56,20,990.17,21.16,-167.40,20.58,2459,-29950
56,20,990.17,21.16,-167.38,20.58,2460,-28552
56,20,990.16,21.16,-167.35,20.58,2461,-27423
56,20,990.16,21.16,-167.31,20.58,2463,-26024
56,20,990.16,21.16,-167.31,20.58,2464,-24897
56,20,990.16,21.16,-167.30,20.58,2465,-23498
56,20,990.15,21.16,-167.27,20.58,2467,-22370
56,20,990.15,21.16,-167.26,20.58,2468,-20971
56,20,990.15,21.16,-167.22,20.58,2469,-19843
56,20,990.15,21.16,-167.26,20.58,2470,-18443
56,20,990.15,21.16,-167.26,20.58,2472,-17315
56,20,990.15,21.16,-167.26,20.58,2473,-15917
56,20,990.15,21.16,-167.26,20.58,2474,-14788
56,20,990.16,21.16,-167.29,20.58,2476,-13388
56,20,990.15,21.16,-167.29,20.58,2477,-12261
56,20,990.16,21.16,-167.30,20.58,2478,-10862
56,20,990.16,21.15,-167.30,20.58,2479,-9734
56,20,990.16,21.15,-167.30,20.58,2481,-8335
56,20,990.16,21.15,-167.33,20.58,2482,-7208
56,20,990.15,21.15,-167.28,20.58,2483,-5811
56,20,990.16,21.15,-167.31,20.58,2484,-4683
56,20,990.16,21.15,-167.30,20.58,2486,-3285
56,20,990.15,21.15,-167.28,20.58,2487,-2158
56,20,990.16,21.15,-167.30,20.58,2488,-760
56,20,990.16,21.15,-167.30,20.58,2489,365
56,20,990.16,21.15,-167.36,20.58,2491,1761
56,20,990.16,21.15,-167.36,20.58,2492,2887
56,20,990.16,21.15,-167.32,20.58,2493,4285
56,20,990.16,21.15,-167.34,20.58,2494,5410
56,20,990.16,21.15,-167.30,20.58,2496,6807
56,20,990.15,21.15,-167.28,20.58,2497,7933
56,20,990.15,21.15,-167.27,20.58,2498,9331
56,20,990.15,21.15,-167.27,20.58,2499,10457
56,20,990.15,21.15,-167.28,20.58,2501,11854
56,20,990.15,21.14,-167.22,20.57,2502,12982
56,20,990.15,21.14,-167.22,20.57,2503,14381
56,20,990.14,21.14,-167.19,20.57,2504,15507
56,20,990.15,21.14,-167.20,20.57,2506,16905
56,20,990.14,21.14,-167.19,20.57,2507,18032
56,20,990.14,21.14,-167.16,20.57,2508,19431
56,20,990.14,21.14,-167.14,20.57,2509,20557
56,20,990.14,21.14,-167.16,20.57,2511,21955
56,20,990.14,21.13,-167.14,20.56,2512,23083
56,20,990.14,21.13,-167.13,20.56,2513,24480
56,20,990.14,21.13,-167.13,20.56,2515,25608
56,20,990.14,21.13,-167.14,20.56,2516,27005
56,20,990.14,21.13,-167.14,20.56,2517,28132
56,20,990.13,21.13,-167.10,20.56,2518,29530
56,20,990.14,21.13,-167.13,20.56,2520,30657
56,20,990.14,21.13,-167.16,20.56,2521,32056
56,20,990.14,21.13,-167.16,20.56,2522,-32354
56,20,990.13,21.13,-167.11,20.56,2523,-30955
56,20,990.13,21.13,-167.09,20.56,2525,-29827
56,20,990.13,21.13,-167.10,20.56,2526,-28427
56,20,990.13,21.13,-167.10,20.56,2527,-27299
56,20,990.14,21.14,-167.13,20.57,2529,-25901
56,20,990.13,21.13,-167.11,20.56,2530,-24772
56,20,990.13,21.13,-167.10,20.56,2531,-23373
56,20,990.14,21.14,-167.16,20.57,2532,-22245
56,20,990.14,21.14,-167.14,20.57,2534,-20845
56,20,990.14,21.14,-167.14,20.57,2535,-19718
56,20,990.14,21.14,-167.13,20.57,2536,-18319
56,20,990.14,21.14,-167.13,20.57,2537,-17190
56,20,990.14,21.14,-167.16,20.57,2539,-15791
56,20,990.14,21.14,-167.14,20.57,2540,-14663
56,20,990.13,21.14,-167.10,20.57,2541,-13264
56,20,990.13,21.14,-167.10,20.57,2542,-12136
56,20,990.14,21.14,-167.11,20.57,2544,-10737
56,20,990.14,21.14,-167.11,20.57,2545,-9609
56,20,990.14,21.14,-167.13,20.57,2546,-8210
56,20,990.14,21.14,-167.13,20.57,2547,-7084
56,20,990.14,21.14,-167.16,20.57,2549,-5686
56,20,990.14,21.14,-167.11,20.57,2550,-4558
56,20,990.14,21.14,-167.14,20.57,2551,-3160
56,20,990.14,21.14,-167.13,20.57,2552,-2033
56,20,990.14,21.14,-167.13,20.57,2554,-635
56,20,990.14,21.14,-167.11,20.57,2555,491
56,20,990.14,21.14,-167.11,20.57,2556,1888
56,20,990.14,21.14,-167.14,20.57,2557,3013
56,20,990.14,21.14,-167.17,20.57,2559,4410
56,20,990.14,21.14,-167.16,20.57,2560,5536
56,20,990.14,21.14,-167.17,20.57,2561,6934
56,20,990.14,21.13,-167.13,20.56,2563,8059
56,20,990.14,21.13,-167.14,20.56,2564,9456
56,20,990.14,21.14,-167.17,20.57,2565,10583
56,20,990.14,21.13,-167.13,20.56,2566,11981
56,20,990.13,21.13,-167.10,20.56,2568,13108
56,20,990.13,21.13,-167.09,20.56,2569,14505
56,20,990.13,21.13,-167.09,20.56,2570,15633
56,20,990.13,21.13,-167.07,20.56,2571,17031
56,20,990.13,21.13,-167.04,20.56,2573,18197
56,20,990.12,21.13,-167.01,20.56,2574,19596
56,20,990.13,21.13,-167.06,20.56,2575,20722
56,20,990.12,21.13,-167.02,20.56,2577,22120
56,20,990.12,21.13,-167.02,20.56,2578,23247
56,20,990.13,21.13,-167.04,20.56,2579,24646
56,20,990.12,21.13,-167.01,20.56,2580,25773
56,20,990.12,21.13,-167.00,20.56,2582,27170
56,20,990.12,21.13,-167.02,20.56,2583,28298
56,20,990.12,21.13,-167.01,20.56,2584,29696
56,20,990.12,21.13,-167.02,20.56,2585,30823
56,20,990.13,21.13,-167.06,20.56,2587,32222
56,20,990.13,21.13,-167.07,20.56,2588,-32188
56,20,990.13,21.13,-167.04,20.56,2589,-30789
56,20,990.13,21.13,-167.04,20.56,2590,-29661
56,20,990.13,21.13,-167.04,20.56,2592,-28261
56,20,990.13,21.13,-167.04,20.56,2593,-27133
56,20,990.13,21.13,-167.06,20.56,2594,-25735
56,20,990.13,21.13,-167.07,20.56,2595,-24606
56,20,990.13,21.13,-167.06,20.56,2597,-23207
56,20,990.13,21.13,-167.08,20.56,2598,-22080
56,20,990.13,21.13,-167.03,20.56,2599,-20680
56,20,990.13,21.13,-167.05,20.56,2600,-19553
56,20,990.13,21.13,-167.07,20.56,2602,-18154
56,20,990.13,21.13,-167.03,20.56,2603,-17026
56,20,990.13,21.13,-167.07,20.56,2604,-15626
56,20,990.13,21.13,-167.08,20.56,2605,-14498
56,20,990.13,21.13,-167.10,20.56,2607,-13100
56,20,990.13,21.13,-167.11,20.56,2608,-11971
56,20,990.14,21.13,-167.12,20.56,2609,-10571
56,20,990.14,21.13,-167.12,20.56,2611,-9444
56,20,990.13,21.12,-167.08,20.56,2612,-8046
56,20,990.13,21.12,-167.09,20.56,2613,-6919
56,20,990.13,21.12,-167.11,20.56,2614,-5521
56,20,990.13,21.12,-167.08,20.56,2616,-4393
56,20,990.13,21.12,-167.06,20.56,2617,-2995
56,20,990.13,21.12,-167.06,20.56,2618,-1868
56,20,990.13,21.12,-167.08,20.56,2620,-471
56,20,990.13,21.12,-167.06,20.56,2621,656
56,20,990.13,21.11,-167.04,20.56,2622,2053
56,20,990.13,21.11,-167.04,20.56,2623,3178
56,20,990.13,21.11,-167.04,20.56,2625,4575
56,20,990.13,21.11,-167.04,20.56,2626,5701
56,20,990.13,21.10,-167.06,20.55,2627,7099
56,20,990.13,21.10,-167.07,20.55,2628,8224
56,20,990.13,21.10,-167.04,20.55,2630,9621
56,20,990.13,21.10,-167.04,20.55,2631,10747
56,20,990.12,21.10,-167.02,20.55,2632,12146
56,20,990.13,21.10,-167.07,20.55,2633,13273
56,20,990.12,21.10,-167.02,20.55,2635,14670
56,20,990.12,21.09,-166.99,20.55,2636,15798
56,20,990.12,21.10,-167.01,20.55,2637,17196
56,20,990.12,21.10,-167.01,20.55,2638,18323
56,20,990.12,21.10,-166.99,20.55,2640,19721
56,20,990.12,21.10,-166.98,20.55,2641,20847
56,20,990.12,21.10,-166.99,20.55,2642,22245
56,20,990.12,21.10,-166.98,20.55,2643,23372
56,20,990.12,21.10,-166.98,20.55,2645,24771
56,20,990.12,21.10,-166.97,20.55,2646,25897
56,20,990.12,21.10,-166.98,20.55,2647,27295
56,20,990.12,21.10,-166.97,20.55,2648,28423
56,20,990.12,21.10,-166.97,20.55,2650,29821
56,20,990.11,21.10,-166.94,20.55,2651,30948
56,20,990.12,21.10,-166.95,20.55,2652,32346
56,20,990.11,21.10,-166.94,20.55,2653,-32063
56,20,990.12,21.10,-166.98,20.55,2655,-30663
56,20,990.12,21.10,-167.00,20.55,2656,-29536
56,20,990.12,21.10,-167.01,20.55,2657,-28137
56,20,990.12,21.10,-167.01,20.55,2659,-27008
56,20,990.12,21.10,-167.01,20.55,2660,-25610
56,20,990.12,21.10,-167.01,20.55,2661,-24481
56,20,990.13,21.11,-167.06,20.56,2662,-23081
56,20,990.12,21.10,-167.03,20.55,2664,-21954
56,20,990.12,21.10,-167.03,20.55,2665,-20555
56,20,990.12,21.10,-167.01,20.55,2666,-19427
56,20,990.12,21.10,-167.00,20.55,2667,-18027
56,20,990.12,21.10,-166.98,20.55,2669,-16900
56,20,990.12,21.10,-166.98,20.55,2670,-15501
56,20,990.12,21.10,-166.98,20.55,2671,-14372
56,20,990.12,21.10,-166.95,20.55,2673,-12974
56,20,990.12,21.11,-166.99,20.56,2674,-11845
56,20,990.12,21.11,-167.00,20.56,2675,-10445
56,20,990.12,21.11,-166.97,20.56,2676,-9318
56,20,990.12,21.11,-166.97,20.56,2678,-7920
56,20,990.12,21.11,-166.99,20.56,2679,-6793
56,20,990.11,21.11,-166.94,20.56,2680,-5394
56,20,990.11,21.11,-166.94,20.56,2681,-4268
56,20,990.11,21.11,-166.92,20.56,2683,-2870
56,20,990.11,21.11,-166.91,20.56,2684,-1742
56,20,990.11,21.11,-166.92,20.56,2685,-344
56,20,990.11,21.11,-166.92,20.56,2686,782
56,20,990.11,21.11,-166.92,20.56,2688,2178
56,20,990.11,21.11,-166.92,20.56,2689,3304
56,20,990.11,21.11,-166.91,20.56,2690,4701
56,20,990.11,21.11,-166.89,20.56,2691,5826
56,20,990.11,21.10,-166.88,20.55,2693,7223
56,20,990.11,21.10,-166.89,20.55,2694,8349
56,20,990.11,21.10,-166.91,20.55,2695,9746
56,20,990.11,21.10,-166.92,20.55,2696,10872
56,20,990.11,21.10,-166.94,20.55,2698,12271
56,20,990.11,21.10,-166.92,20.55,2699,13398
56,20,990.11,21.10,-166.89,20.55,2700,14795
56,20,990.11,21.11,-166.91,20.56,2701,15923
56,20,990.11,21.10,-166.89,20.55,2703,17321
56,20,990.12,21.11,-166.97,20.56,2704,18448
56,20,990.12,21.11,-166.99,20.56,2705,19846
56,20,990.12,21.11,-166.97,20.56,2706,20973
56,20,990.12,21.11,-166.95,20.56,2708,22372
56,20,990.11,21.11,-166.94,20.56,2709,23498
56,20,990.12,21.11,-166.95,20.56,2710,24896
56,20,990.12,21.11,-166.97,20.56,2712,26023
56,20,990.12,21.11,-166.97,20.56,2713,27422
56,20,990.11,21.11,-166.91,20.56,2714,28549
56,20,990.11,21.11,-166.90,20.56,2715,29946
56,20,990.11,21.11,-166.88,20.56,2717,31074
56,20,990.11,21.12,-166.89,20.56,2718,32472
56,20,990.11,21.12,-166.87,20.56,2719,-31937
56,20,990.11,21.12,-166.87,20.56,2721,-30537
56,20,990.11,21.12,-166.90,20.56,2722,-29410
56,20,990.11,21.12,-166.90,20.56,2723,-28011
56,20,990.11,21.12,-166.91,20.56,2724,-26883
56,20,990.11,21.12,-166.91,20.56,2726,-25483
56,20,990.11,21.12,-166.89,20.56,2727,-24355
56,20,990.11,21.12,-166.90,20.56,2728,-22957
56,20,990.11,21.11,-166.90,20.56,2729,-21828
56,20,990.11,21.11,-166.93,20.56,2731,-20429
56,20,990.12,21.11,-166.96,20.56,2732,-19301
56,20,990.12,21.11,-166.97,20.56,2733,-17901
56,20,990.12,21.11,-166.97,20.56,2734,-16774
56,20,990.11,21.11,-166.94,20.56,2736,-15375
56,20,990.12,21.11,-166.96,20.56,2737,-14246
56,20,990.12,21.11,-166.97,20.56,2738,-12847
56,20,990.12,21.11,-166.99,20.56,2739,-11719
56,20,990.12,21.11,-166.99,20.56,2741,-10320
56,20,990.12,21.11,-166.96,20.56,2742,-9192
56,20,990.11,21.11,-166.91,20.56,2743,-7793
56,20,990.11,21.11,-166.94,20.56,2744,-6667
56,20,990.12,21.11,-166.95,20.56,2746,-5269
56,20,990.12,21.11,-166.97,20.56,2747,-4142
56,20,990.12,21.11,-166.95,20.56,2748,-2744
56,20,990.12,21.11,-167.00,20.56,2749,-1616
56,20,990.12,21.11,-166.97,20.56,2751,-218
56,20,990.11,21.11,-166.94,20.56,2752,908
56,20,990.11,21.11,-166.92,20.56,2753,2306
56,20,990.12,21.11,-166.95,20.56,2754,3432
56,20,990.12,21.11,-166.99,20.56,2756,4830
56,20,990.12,21.11,-167.00,20.56,2757,5955
56,20,990.12,21.11,-167.00,20.56,2758,7352
56,20,990.12,21.11,-166.99,20.56,2760,8478
56,20,990.12,21.11,-166.99,20.56,2761,9876
56,20,990.12,21.11,-166.97,20.56,2762,11001
56,20,990.12,21.11,-166.97,20.56,2763,12399
56,20,990.11,21.11,-166.94,20.56,2765,13527
56,20,990.11,21.11,-166.92,20.56,2766,14924
56,20,990.11,21.11,-166.91,20.56,2767,16052
56,20,990.11,21.11,-166.89,20.56,2769,17451
56,20,990.11,21.11,-166.89,20.56,2770,18577
56,20,990.11,21.11,-166.94,20.56,2771,19975
56,20,990.12,21.11,-166.95,20.56,2772,21102
56,20,990.12,21.11,-166.95,20.56,2774,22501
56,20,990.11,21.11,-166.94,20.56,2775,23627
56,20,990.12,21.11,-166.95,20.56,2776,25025
56,20,990.11,21.11,-166.92,20.56,2777,26152
56,20,990.11,21.11,-166.94,20.56,2779,27551
56,20,990.11,21.11,-166.94,20.56,2780,28678
56,20,990.12,21.11,-166.95,20.56,2781,30075
56,20,990.12,21.11,-166.95,20.56,2782,31203
56,20,990.12,21.11,-166.97,20.56,2784,32602
56,20,990.12,21.11,-166.95,20.56,2785,-31808
56,20,990.12,21.11,-166.95,20.56,2786,-30409
56,20,990.11,21.11,-166.94,20.56,2787,-29281
56,20,990.12,21.11,-166.95,20.56,2789,-27882
56,20,990.12,21.11,-166.99,20.56,2790,-26754
56,20,990.12,21.11,-167.02,20.56,2791,-25354
56,20,990.12,21.11,-167.02,20.56,2792,-24226
56,20,990.12,21.11,-166.95,20.56,2794,-22828
56,20,990.12,21.11,-166.95,20.56,2795,-21699
56,20,990.11,21.11,-166.94,20.56,2796,-20299
56,20,990.12,21.11,-166.95,20.56,2797,-19172
55,20,990.11,21.10,-166.91,20.55,2799,-17772
55,20,990.11,21.10,-166.92,20.55,2800,-16645
55,20,990.11,21.10,-166.92,20.55,2801,-15246
55,20,990.11,21.10,-166.94,20.55,2802,-14117
55,20,990.12,21.10,-166.97,20.55,2804,-12718
55,20,990.11,21.10,-166.94,20.55,2805,-11590
55,20,990.12,21.10,-166.98,20.55,2806,-10190
55,20,990.12,21.10,-167.00,20.55,2808,-9063
55,20,990.12,21.10,-166.97,20.55,2809,-7665
55,20,990.12,21.10,-166.95,20.55,2810,-6538
55,20,990.12,21.10,-166.98,20.55,2811,-5139
55,20,990.12,21.10,-167.00,20.55,2813,-4013
55,20,990.12,21.10,-166.95,20.55,2814,-2615
55,20,990.12,21.10,-166.97,20.55,2815,-1487
55,20,990.12,21.10,-166.99,20.55,2816,-90
55,20,990.12,21.10,-166.99,20.55,2818,1036
55,20,990.12,21.10,-167.01,20.55,2819,2434
55,20,990.12,21.10,-167.01,20.55,2820,3559
55,20,990.12,21.10,-167.01,20.55,2822,4956
55,20,990.12,21.09,-166.98,20.55,2823,6082
55,20,990.12,21.09,-166.99,20.55,2824,7480
55,20,990.12,21.09,-166.99,20.55,2825,8605
55,20,990.12,21.09,-167.01,20.55,2827,10002
55,20,990.12,21.09,-166.99,20.55,2828,11129
55,20,990.12,21.09,-167.01,20.55,2829,12527
55,20,990.12,21.09,-167.01,20.55,2830,13655
55,20,990.12,21.09,-167.02,20.55,2832,15053
55,20,990.12,21.09,-167.02,20.55,2833,16180
55,20,990.12,21.09,-167.01,20.55,2834,17589
55,20,990.12,21.09,-166.99,20.55,2835,18716
55,20,990.12,21.09,-167.02,20.55,2837,20114
55,20,990.12,21.09,-167.02,20.55,2838,21240
55,20,990.13,21.09,-167.03,20.55,2839,22639
55,20,990.13,21.09,-167.05,20.55,2840,23766
55,20,990.13,21.09,-167.03,20.55,2842,25163
55,20,990.13,21.09,-167.03,20.55,2843,26291
55,20,990.13,21.10,-167.05,20.55,2844,27688
55,20,990.13,21.10,-167.07,20.55,2845,28816
55,20,990.13,21.10,-167.03,20.55,2847,30215
55,20,990.12,21.10,-167.02,20.55,2848,31341
56,20,990.12,21.10,-167.02,20.55,2849,32739
56,20,990.12,21.10,-167.01,20.55,2850,-31670
56,20,990.12,21.10,-167.02,20.55,2852,-30270
56,20,990.12,21.09,-166.99,20.55,2853,-29143
56,20,990.12,21.09,-166.99,20.55,2854,-27744
56,20,990.12,21.09,-167.01,20.55,2856,-26615
56,20,990.12,21.09,-167.02,20.55,2857,-25216
56,20,990.12,21.09,-167.02,20.55,2858,-24088
56,20,990.12,21.09,-167.02,20.55,2859,-22688
56,20,990.12,21.09,-167.01,20.55,2861,-21561
56,20,990.12,21.09,-167.02,20.55,2862,-20162
56,20,990.12,21.09,-167.01,20.55,2863,-19034
56,20,990.13,21.09,-167.03,20.55,2864,-17634
56,20,990.13,21.09,-167.05,20.55,2866,-16506
56,20,990.13,21.09,-167.05,20.55,2867,-15108
56,20,990.13,21.09,-167.07,20.55,2868,-13979
56,20,990.13,21.09,-167.08,20.55,2870,-12579
56,20,990.13,21.09,-167.09,20.55,2871,-11452
56,20,990.13,21.09,-167.08,20.55,2872,-10052
56,20,990.13,21.09,-167.08,20.55,2873,-8925
56,20,990.13,21.09,-167.08,20.55,2875,-7527
56,20,990.13,21.09,-167.09,20.55,2876,-6399
56,20,990.13,21.09,-167.09,20.55,2877,-5001
56,20,990.13,21.09,-167.03,20.55,2878,-3874
56,20,990.13,21.09,-167.05,20.55,2880,-2477
56,20,990.13,21.09,-167.08,20.55,2881,-1349
56,20,990.13,21.09,-167.08,20.55,2882,50
56,20,990.13,21.09,-167.08,20.55,2883,1173
56,20,990.13,21.09,-167.09,20.55,2885,2570
56,20,990.13,21.09,-167.08,20.55,2886,3712
56,20,990.13,21.09,-167.07,20.55,2887,5109
56,20,990.13,21.09,-167.05,20.55,2888,6235
56,20,990.13,21.09,-167.06,20.55,2890,7631
56,20,990.13,21.09,-167.11,20.55,2891,8758
56,20,990.13,21.09,-167.09,20.55,2892,10156
56,20,990.14,21.09,-167.12,20.55,2893,11282
56,20,990.14,21.09,-167.13,20.55,2895,12680
56,20,990.14,21.09,-167.13,20.55,2896,13807
56,20,990.14,21.09,-167.12,20.55,2897,15205
56,20,990.14,21.09,-167.12,20.55,2898,16331
56,20,990.14,21.09,-167.13,20.55,2900,17729
56,20,990.14,21.09,-167.17,20.55,2901,18856
56,20,990.14,21.09,-167.17,20.55,2902,20254
56,20,990.14,21.09,-167.17,20.55,2904,21382
56,20,990.14,21.09,-167.18,20.55,2905,22780
56,20,990.14,21.09,-167.18,20.55,2906,23907
56,20,990.14,21.09,-167.17,20.55,2907,25305
56,20,990.14,21.09,-167.15,20.55,2909,26432
56,20,990.14,21.09,-167.17,20.55,2910,27831
56,20,990.14,21.09,-167.17,20.55,2911,28957
56,20,990.14,21.09,-167.17,20.55,2912,30355
56,20,990.14,21.09,-167.17,20.55,2914,31482
56,20,990.14,21.09,-167.20,20.55,2915,-32655
56,20,990.14,21.09,-167.17,20.55,2916,-31527
56,20,990.14,21.09,-167.17,20.55,2918,-30129
56,20,990.14,21.09,-167.18,20.55,2919,-29000
56,20,990.15,21.09,-167.22,20.55,2920,-27601
56,20,990.15,21.09,-167.24,20.55,2921,-26473
56,20,990.15,21.09,-167.21,20.55,2923,-25073
56,20,990.15,21.09,-167.24,20.55,2924,-23946
56,20,990.15,21.09,-167.26,20.55,2925,-22547
56,20,990.15,21.09,-167.26,20.55,2926,-21418
56,20,990.15,21.09,-167.29,20.55,2928,-20019
56,20,990.15,21.09,-167.27,20.55,2929,-18891
56,20,990.15,21.09,-167.29,20.55,2930,-17487
56,20,990.16,21.09,-167.31,20.55,2931,-16360
56,20,990.16,21.09,-167.31,20.55,2933,-14961
56,20,990.16,21.09,-167.31,20.55,2934,-13833
56,20,990.15,21.09,-167.27,20.55,2935,-12434
56,20,990.16,21.09,-167.31,20.55,2936,-11305
56,20,990.15,21.09,-167.24,20.55,2938,-9906
56,20,990.15,21.09,-167.24,20.55,2939,-8779
56,20,990.15,21.09,-167.22,20.55,2940,-7381
56,20,990.15,21.09,-167.21,20.55,2941,-6254
56,20,990.15,21.09,-167.21,20.55,2943,-4855
56,20,990.15,21.09,-167.22,20.55,2944,-3729
56,20,990.15,21.09,-167.24,20.55,2945,-2331
56,20,990.15,21.09,-167.26,20.55,2946,-1204
56,20,990.15,21.09,-167.26,20.55,2948,195
56,20,990.15,21.09,-167.24,20.55,2949,1319
56,20,990.15,21.09,-167.24,20.55,2950,2716
56,20,990.15,21.09,-167.22,20.55,2952,3843
56,20,990.15,21.09,-167.24,20.55,2953,5240
56,20,990.15,21.09,-167.24,20.55,2954,6366
56,20,990.15,21.09,-167.21,20.55,2955,7762
56,20,990.15,21.09,-167.22,20.55,2957,8889
56,20,990.14,21.09,-167.19,20.55,2958,10287
56,20,990.14,21.09,-167.17,20.55,2959,11413
56,20,990.14,21.09,-167.15,20.55,2960,12811
56,20,990.14,21.09,-167.13,20.55,2962,13938
56,20,990.14,21.09,-167.15,20.55,2963,15336
56,20,990.14,21.09,-167.13,20.55,2964,16463
56,20,990.14,21.09,-167.17,20.55,2966,17862
56,20,990.14,21.09,-167.17,20.55,2967,18989
56,20,990.14,21.09,-167.17,20.55,2968,20386
56,20,990.14,21.09,-167.18,20.55,2969,21514
56,20,990.14,21.09,-167.18,20.55,2971,22913
56,20,990.15,21.09,-167.21,20.55,2972,24039
56,20,990.14,21.09,-167.20,20.55,2973,25506
56,20,990.14,21.09,-167.20,20.55,2974,26634
56,20,990.15,21.09,-167.21,20.55,2976,28033
56,20,990.15,21.09,-167.24,20.55,2977,29159
56,20,990.15,21.09,-167.26,20.55,2978,30557
56,20,990.15,21.09,-167.25,20.55,2979,31684
56,20,990.14,21.09,-167.20,20.55,2981,-32453
56,20,990.13,21.10,-167.08,20.55,2982,-31326
56,20,990.12,21.11,-166.99,20.56,2983,-29927
56,20,990.11,21.12,-166.91,20.56,2984,-28798
56,20,990.10,21.12,-166.83,20.56,2986,-27400
56,20,990.10,21.13,-166.80,20.56,2987,-26271
56,20,990.09,21.14,-166.73,20.57,2988,-24871
56,20,990.09,21.15,-166.71,20.58,2989,-23744
56,20,990.07,21.15,-166.59,20.58,2991,-22345
56,20,990.07,21.16,-166.52,20.58,2992,-21217
56,20,990.06,21.17,-166.44,20.58,2993,-19817
56,20,990.06,21.18,-166.45,20.59,2995,-18690
56,20,990.06,21.20,-166.47,20.60,2996,-17291
56,20,990.06,21.21,-166.44,20.60,2997,-16162
56,20,990.05,21.22,-166.40,20.61,2998,-14762
56,20,990.05,21.24,-166.36,20.62,3000,-13635
56,20,990.05,21.26,-166.39,20.63,3001,-12235
56,20,990.08,21.29,-166.65,20.65,3002,-11108
56,20,990.20,21.33,-167.69,20.67,3003,-9709
56,20,990.24,21.36,-167.99,20.68,3005,-8582
55,20,990.24,21.39,-168.02,20.69,3006,-7183
55,20,990.21,21.42,-167.75,20.71,3007,-6056
55,20,990.19,21.46,-167.56,20.73,3009,-4659
55,20,990.18,21.48,-167.48,20.74,3010,-3531
55,20,990.17,21.51,-167.44,20.76,3011,-2133
55,20,990.16,21.54,-167.34,20.77,3012,-1006
55,20,990.16,21.58,-167.29,20.79,3014,393
55,20,990.16,21.60,-167.32,20.80,3015,1517
54,20,990.18,21.63,-167.47,20.81,3016,2914
54,20,990.19,21.65,-167.62,20.83,3017,4040
54,20,990.20,21.69,-167.63,20.85,3019,5437
54,20,990.21,21.72,-167.75,20.86,3020,6562
54,20,990.22,21.75,-167.84,20.88,3021,7960
54,20,990.23,21.76,-167.90,20.88,3022,9085
53,21,990.24,21.79,-167.98,21.40,3024,10482
53,21,990.24,21.82,-168.04,21.41,3025,11610
53,21,990.25,21.84,-168.11,21.42,3026,13008
53,21,990.26,21.86,-168.14,21.43,3027,14135
53,21,990.26,21.89,-168.20,21.44,3029,15533
53,21,990.27,21.91,-168.25,21.45,3030,16660
52,21,990.27,21.94,-168.27,21.47,3031,18058
52,21,990.27,21.96,-168.30,21.48,3032,19185
52,21,990.28,21.99,-168.31,21.49,3034,20584
52,21,990.27,22.02,-168.27,21.51,3035,21710
52,21,990.27,22.05,-168.28,21.52,3036,23108
52,21,990.27,22.07,-168.25,21.53,3037,24236
51,21,990.26,22.09,-168.18,21.55,3039,25634
51,21,990.26,22.12,-168.22,21.56,3040,26761
51,21,990.27,22.15,-168.23,21.58,3041,28160
51,21,990.27,22.17,-168.24,21.58,3042,29286
50,21,990.27,22.20,-168.23,21.60,3044,30684
50,21,990.26,22.22,-168.21,21.61,3045,31811
50,21,990.26,22.25,-168.21,21.63,3046,-32326
50,21,990.26,22.27,-168.19,21.64,3048,-31199
50,21,990.26,22.30,-168.17,21.65,3049,-29799
50,21,990.24,22.32,-168.14,21.66,3050,-28671
49,21,990.25,22.36,-168.14,21.68,3051,-27273
49,21,990.25,22.37,-168.11,21.69,3053,-26144
49,21,990.26,22.40,-168.15,21.70,3054,-24744
49,21,990.25,22.42,-168.11,21.71,3055,-23617
49,21,990.25,22.44,-168.12,21.72,3057,-22217
49,21,990.26,22.46,-168.15,21.73,3058,-21090
49,21,990.26,22.49,-168.17,21.74,3059,-19691
49,21,990.26,22.50,-168.14,21.75,3060,-18563
49,22,990.26,22.52,-168.17,22.26,3062,-17163
49,22,990.26,22.54,-168.18,22.27,3063,-16035
49,22,990.26,22.57,-168.22,22.28,3064,-14637
49,22,990.27,22.58,-168.24,22.29,3065,-13508
49,22,990.27,22.60,-168.26,22.30,3067,-12083
49,22,990.28,22.62,-168.31,22.31,3068,-10954
49,22,990.28,22.65,-168.35,22.33,3069,-9554
49,22,990.28,22.66,-168.37,22.33,3070,-8428
49,22,990.28,22.68,-168.39,22.34,3072,-7030
49,22,990.29,22.71,-168.42,22.35,3073,-5903
48,22,990.28,22.73,-168.40,22.36,3074,-4504
48,22,990.29,22.74,-168.40,22.37,3075,-3378
48,22,990.28,22.77,-168.40,22.39,3077,-1980
48,22,990.28,22.80,-168.40,22.40,3078,-852
48,22,990.28,22.82,-168.37,22.41,3079,545
48,22,990.28,22.83,-168.35,22.42,3080,1670
48,22,990.28,22.86,-168.38,22.43,3082,3066
48,22,990.28,22.88,-168.38,22.44,3083,4193
48,22,990.28,22.90,-168.35,22.45,3084,5591
48,22,990.28,22.92,-168.38,22.46,3085,6716
47,22,990.29,22.94,-168.40,22.47,3087,8114
47,22,990.29,22.97,-168.43,22.49,3088,9239
47,22,990.29,22.99,-168.47,22.49,3089,10636
47,22,990.29,23.00,-168.44,22.50,3090,11763
47,22,990.29,23.03,-168.45,22.51,3092,13161
47,22,990.29,23.04,-168.44,22.52,3093,14288
47,22,990.28,23.06,-168.42,22.53,3094,15686
47,22,990.29,23.08,-168.44,22.54,3096,16813
47,22,990.29,23.11,-168.48,22.56,3097,18210
47,22,990.30,23.12,-168.50,22.56,3098,19338
47,22,990.30,23.14,-168.49,22.57,3099,20736
47,22,990.29,23.16,-168.48,22.58,3101,21863
46,22,990.30,23.18,-168.52,22.59,3102,23262
46,22,990.30,23.19,-168.52,22.60,3103,24388
46,22,990.30,23.21,-168.53,22.60,3105,25786
46,22,990.30,23.23,-168.51,22.61,3106,26913
46,23,990.30,23.25,-168.50,23.13,3107,28311
46,23,990.30,23.26,-168.51,23.13,3108,29438
46,23,990.30,23.28,-168.56,23.14,3110,30837
46,23,990.30,23.30,-168.55,23.15,3111,31964
46,23,990.30,23.31,-168.56,23.15,3112,-32175
46,23,990.31,23.33,-168.57,23.17,3113,-31046
46,23,990.30,23.35,-168.57,23.17,3115,-29647
46,23,990.30,23.37,-168.56,23.19,3116,-28519
46,23,990.30,23.39,-168.55,23.19,3117,-27119
46,23,990.30,23.41,-168.56,23.20,3118,-25992
46,23,990.30,23.43,-168.55,23.22,3120,-24593
46,23,990.30,23.44,-168.51,23.22,3121,-23464
46,23,990.30,23.46,-168.52,23.23,3122,-22066
46,23,990.29,23.48,-168.48,23.24,3123,-20937
46,23,990.29,23.49,-168.46,23.24,3125,-19537
46,23,990.29,23.51,-168.46,23.26,3126,-18410
46,23,990.29,23.53,-168.45,23.26,3127,-17010
46,23,990.29,23.54,-168.41,23.27,3128,-15883
46,23,990.29,23.56,-168.42,23.28,3130,-14484
46,23,990.29,23.57,-168.41,23.28,3131,-13356
46,23,990.28,23.59,-168.40,23.30,3132,-11956
46,23,990.29,23.60,-168.40,23.30,3133,-10828
46,23,990.28,23.62,-168.39,23.31,3135,-9428
46,23,990.29,23.63,-168.41,23.31,3136,-8302
46,23,990.28,23.65,-168.39,23.33,3137,-6904
46,23,990.28,23.66,-168.38,23.33,3138,-5777
46,23,990.28,23.67,-168.37,23.33,3140,-4379
46,23,990.28,23.68,-168.38,23.34,3141,-3253
45,23,990.28,23.70,-168.39,23.35,3142,-1854
45,23,990.29,23.72,-168.41,23.36,3144,-728
45,23,990.28,23.73,-168.39,23.36,3145,669
45,23,990.28,23.74,-168.38,23.37,3146,1795
45,23,990.28,23.76,-168.38,23.38,3147,3191
45,23,990.28,23.77,-168.39,23.39,3149,4317
45,23,990.28,23.78,-168.38,23.39,3150,5714
45,23,990.28,23.79,-168.39,23.40,3151,6840
45,23,990.29,23.81,-168.41,23.40,3153,8237
45,23,990.29,23.82,-168.40,23.41,3154,9363
44,23,990.29,23.84,-168.42,23.42,3155,10761
44,23,990.29,23.84,-168.41,23.42,3156,11887
44,23,990.29,23.86,-168.43,23.43,3158,13286
44,23,990.28,23.87,-168.38,23.44,3159,14412
44,23,990.28,23.88,-168.35,23.44,3160,15810
44,23,990.28,23.89,-168.37,23.44,3161,16937
44,23,990.28,23.91,-168.36,23.45,3163,18336
44,23,990.28,23.92,-168.36,23.46,3164,19463
44,23,990.28,23.93,-168.32,23.47,3165,20861
44,23,990.28,23.94,-168.34,23.47,3166,21988
44,23,990.28,23.96,-168.33,23.48,3168,23386
44,23,990.28,23.97,-168.38,23.49,3169,24513
44,23,990.29,23.99,-168.40,23.49,3170,25912
44,23,990.29,24.00,-168.42,23.50,3171,27038
44,23,990.29,24.01,-168.41,23.51,3173,28436
44,23,990.29,24.03,-168.41,23.51,3174,29563
44,23,990.29,24.04,-168.42,23.52,3175,30961
44,23,990.29,24.05,-168.42,23.52,3176,32089
44,24,990.29,24.06,-168.44,24.03,3178,-32050
44,24,990.28,24.07,-168.40,24.03,3179,-30921
44,24,990.29,24.09,-168.42,24.05,3180,-29522
44,24,990.29,24.10,-168.47,24.05,3181,-28394
44,24,990.29,24.11,-168.44,24.06,3183,-26995
44,24,990.29,24.12,-168.43,24.06,3184,-25867
44,24,990.29,24.13,-168.42,24.06,3185,-24467
44,24,990.29,24.14,-168.43,24.07,3186,-23340
43,24,990.29,24.15,-168.41,24.08,3188,-21941
43,24,990.28,24.17,-168.38,24.08,3189,-20812
43,24,990.28,24.18,-168.33,24.09,3190,-19413
43,24,990.28,24.19,-168.33,24.10,3192,-18285
43,24,990.28,24.20,-168.35,24.10,3193,-16885
43,24,990.28,24.21,-168.32,24.10,3194,-15758
43,24,990.28,24.23,-168.31,24.11,3195,-14359
43,24,990.28,24.24,-168.32,24.12,3197,-13231
43,24,990.28,24.26,-168.37,24.13,3198,-11831
43,24,990.28,24.27,-168.39,24.14,3199,-10703
43,24,990.29,24.29,-168.41,24.15,3200,-9305
43,24,990.29,24.30,-168.41,24.15,3202,-8177
43,24,990.28,24.31,-168.39,24.15,3203,-6778
43,24,990.29,24.32,-168.40,24.16,3204,-5652
43,24,990.29,24.34,-168.44,24.17,3206,-4254
43,24,990.29,24.35,-168.46,24.17,3207,-3127
43,24,990.30,24.37,-168.51,24.19,3208,-1729
43,24,990.29,24.37,-168.48,24.19,3209,-602
43,24,990.29,24.39,-168.48,24.19,3211,796
43,24,990.30,24.40,-168.49,24.20,3212,1921
43,24,990.29,24.41,-168.48,24.20,3213,3317
43,24,990.29,24.42,-168.48,24.21,3214,4444
43,24,990.30,24.43,-168.49,24.22,3216,5841
43,24,990.30,24.45,-168.50,24.23,3217,6967
43,24,990.30,24.46,-168.49,24.23,3218,8364
43,24,990.30,24.47,-168.52,24.24,3219,9490
43,24,990.30,24.48,-168.53,24.24,3221,10888
43,24,990.30,24.49,-168.49,24.24,3222,12014
42,24,990.29,24.51,-168.48,24.26,3223,13412
42,24,990.29,24.51,-168.45,24.26,3224,14539
42,24,990.29,24.52,-168.41,24.26,3226,15937
42,24,990.28,24.53,-168.40,24.26,3227,17063
42,24,990.29,24.55,-168.40,24.27,3228,18461
42,24,990.28,24.55,-168.36,24.27,3229,19589
42,24,990.28,24.56,-168.38,24.28,3231,20986
42,24,990.28,24.57,-168.37,24.28,3232,22113
42,24,990.28,24.58,-168.34,24.29,3233,23511
42,24,990.28,24.59,-168.32,24.30,3234,24638
42,24,990.28,24.60,-168.31,24.30,3236,26036
42,24,990.28,24.61,-168.35,24.31,3237,27162
42,24,990.28,24.63,-168.34,24.31,3238,28560
42,24,990.28,24.63,-168.32,24.31,3239,29687
41,24,990.28,24.65,-168.33,24.33,3241,31085
41,24,990.27,24.65,-168.30,24.33,3242,32212
41,24,990.27,24.67,-168.30,24.33,3243,-31925
41,24,990.28,24.67,-168.32,24.33,3245,-30797
41,24,990.27,24.68,-168.29,24.34,3246,-29399
41,24,990.27,24.69,-168.30,24.35,3247,-28270
41,24,990.27,24.70,-168.30,24.35,3248,-26870
41,24,990.27,24.71,-168.29,24.35,3250,-25743
41,24,990.27,24.72,-168.28,24.36,3251,-24344
41,24,990.27,24.73,-168.28,24.36,3252,-23216
41,24,990.28,24.74,-168.33,24.37,3254,-21816
41,24,990.28,24.75,-168.33,24.38,3255,-20688
41,24,990.28,24.76,-168.33,24.38,3256,-19290
41,24,990.28,24.77,-168.32,24.39,3257,-18161
41,24,990.28,24.78,-168.32,24.39,3259,-16762
41,24,990.27,24.79,-168.30,24.40,3260,-15635
41,24,990.28,24.80,-168.33,24.40,3261,-14236
41,24,990.28,24.81,-168.35,24.40,3262,-13108
41,24,990.28,24.82,-168.37,24.41,3264,-11709
41,24,990.28,24.83,-168.38,24.42,3265,-10580
41,24,990.28,24.84,-168.39,24.42,3266,-9181
41,24,990.28,24.84,-168.36,24.42,3267,-8054
41,24,990.28,24.85,-168.34,24.42,3269,-6656
41,24,990.28,24.86,-168.33,24.43,3270,-5529
41,25,990.28,24.87,-168.37,24.94,3271,-4130
41,25,990.28,24.88,-168.34,24.94,3272,-3004
41,25,990.27,24.89,-168.28,24.94,3274,-1606
41,25,990.27,24.90,-168.25,24.95,3275,-479
41,25,990.26,24.90,-168.17,24.95,3276,919
41,25,990.26,24.91,-168.15,24.95,3277,2043
41,25,990.26,24.92,-168.17,24.96,3279,3440
41,25,990.26,24.93,-168.18,24.97,3280,4566
41,25,990.26,24.94,-168.15,24.97,3281,5962
41,25,990.26,24.95,-168.15,24.98,3282,7089
40,25,990.25,24.95,-168.12,24.98,3284,8486
40,25,990.25,24.96,-168.08,24.98,3285,9612
40,25,990.25,24.97,-168.10,24.99,3286,11009
40,25,990.25,24.97,-168.07,24.99,3287,12136
40,25,990.25,24.98,-168.06,24.99,3289,13535
40,25,990.24,24.98,-168.04,24.99,3290,14661
40,25,990.24,24.99,-168.04,24.99,3291,16059
40,25,990.24,24.99,-168.05,24.99,3293,17186
40,25,990.25,25.00,-168.06,25.00,3294,18585
40,25,990.24,25.01,-168.04,25.01,3295,19712
40,25,990.24,25.02,-167.97,25.01,3296,21109
40,25,990.24,25.03,-168.00,25.01,3298,22237
40,25,990.24,25.03,-168.00,25.01,3299,23635
40,25,990.24,25.04,-168.02,25.02,3300,24762
40,25,990.24,25.05,-167.99,25.02,3301,26160
40,25,990.24,25.06,-168.01,25.03,3303,27287
40,25,990.24,25.06,-168.01,25.03,3304,28686
40,25,990.24,25.07,-168.03,25.03,3305,29812
40,25,990.24,25.08,-168.03,25.04,3307,31210
40,25,990.24,25.08,-168.03,25.04,3308,32337
40,25,990.24,25.09,-168.05,25.05,3309,-31800
40,25,990.25,25.10,-168.06,25.05,3310,-30672
40,25,990.25,25.11,-168.07,25.06,3312,-29274
40,25,990.24,25.12,-168.05,25.06,3313,-28145
40,25,990.24,25.13,-168.05,25.06,3314,-26745
40,25,990.25,25.14,-168.06,25.07,3315,-25618
40,25,990.24,25.15,-168.03,25.08,3317,-24219
40,25,990.24,25.15,-168.05,25.08,3318,-23091
40,25,990.24,25.16,-168.01,25.08,3319,-21692
40,25,990.24,25.17,-168.00,25.08,3320,-20564
40,25,990.24,25.18,-168.00,25.09,3322,-19166
40,25,990.23,25.18,-167.97,25.09,3323,-18037
40,25,990.23,25.19,-167.94,25.10,3324,-16638
40,25,990.23,25.20,-167.97,25.10,3325,-15510
40,25,990.24,25.21,-167.97,25.10,3327,-14110
40,25,990.23,25.21,-167.95,25.10,3328,-12983
40,25,990.23,25.22,-167.95,25.11,3329,-11584
40,25,990.23,25.22,-167.93,25.11,3330,-10456
40,25,990.23,25.23,-167.93,25.11,3332,-9056
40,25,990.22,25.23,-167.88,25.11,3333,-7929
40,25,990.22,25.24,-167.88,25.12,3334,-6532
40,25,990.22,25.24,-167.87,25.12,3335,-5404
40,25,990.22,25.25,-167.88,25.13,3337,-4005
40,25,990.23,25.26,-167.90,25.13,3338,-2879
40,25,990.23,25.27,-167.90,25.14,3339,-1460
40,25,990.23,25.27,-167.92,25.14,3341,-332
39,25,990.23,25.27,-167.93,25.14,3342,1064
39,25,990.23,25.28,-167.92,25.14,3343,2191
39,25,990.23,25.28,-167.92,25.14,3344,3589
39,25,990.23,25.28,-167.94,25.14,3346,4714
38,25,990.24,25.29,-167.98,25.15,3347,6111
38,25,990.23,25.29,-167.97,25.15,3348,7237
38,25,990.23,25.29,-167.96,25.15,3350,8635
38,25,990.23,25.29,-167.95,25.15,3351,9760
38,25,990.23,25.29,-167.92,25.15,3352,11157
38,25,990.23,25.29,-167.92,25.15,3353,12284
38,25,990.22,25.30,-167.81,25.15,3355,13683
38,25,990.21,25.30,-167.79,25.15,3356,14810
38,25,990.21,25.30,-167.79,25.15,3357,16207
38,25,990.22,25.31,-167.81,25.15,3358,17335
38,25,990.21,25.31,-167.72,25.15,3360,18734
38,25,990.19,25.31,-167.60,25.15,3361,19860
38,25,990.19,25.32,-167.56,25.16,3362,21258
38,25,990.17,25.32,-167.40,25.16,3363,22385
38,25,990.15,25.33,-167.22,25.17,3365,23784
38,25,990.14,25.33,-167.14,25.17,3366,24910
39,25,990.12,25.34,-167.00,25.17,3367,26308
39,25,990.10,25.34,-166.85,25.17,3368,27436
39,25,990.09,25.34,-166.71,25.17,3370,28833
39,25,990.08,25.35,-166.63,25.17,3371,29961
38,25,990.06,25.34,-166.47,25.17,3372,31360
38,25,990.04,25.34,-166.29,25.17,3373,32486
38,25,990.03,25.33,-166.20,25.17,3375,-31652
38,25,990.02,25.33,-166.14,25.17,3376,-30524
39,25,990.01,25.32,-166.06,25.16,3377,-29124
39,25,990.00,25.32,-166.00,25.16,3378,-27997
40,25,990.01,25.31,-166.06,25.15,3380,-26598
40,25,990.03,25.30,-166.18,25.15,3381,-25469
40,25,990.04,25.29,-166.30,25.15,3382,-24070
40,25,990.04,25.28,-166.29,25.14,3383,-22942
41,25,990.03,25.27,-166.26,25.14,3385,-21543
41,25,990.03,25.27,-166.24,25.14,3386,-20415
41,25,990.03,25.26,-166.24,25.13,3387,-19016
41,25,990.04,25.25,-166.29,25.13,3389,-17888
41,25,990.05,25.24,-166.38,25.12,3390,-16488
41,25,990.05,25.24,-166.41,25.12,3391,-15360
42,25,990.05,25.23,-166.41,25.11,3392,-13962
42,25,990.06,25.22,-166.45,25.11,3394,-12833
42,25,990.05,25.21,-166.42,25.10,3395,-11434
42,25,990.05,25.20,-166.40,25.10,3396,-10307
42,25,990.05,25.19,-166.39,25.10,3398,-8908
42,25,990.05,25.19,-166.42,25.10,3399,-7781
42,25,990.06,25.18,-166.45,25.09,3400,-6383
42,25,990.06,25.17,-166.48,25.08,3401,-5257
42,25,990.06,25.17,-166.49,25.08,3403,-3859
42,25,990.06,25.16,-166.47,25.08,3404,-2732
42,25,990.06,25.16,-166.46,25.08,3405,-1334
42,25,990.06,25.15,-166.44,25.08,3406,-206
43,25,990.05,25.14,-166.39,25.07,3408,1190
43,25,990.05,25.14,-166.39,25.07,3409,2316
43,25,990.05,25.14,-166.41,25.07,3410,3713
43,25,990.05,25.14,-166.41,25.07,3411,4839
43,25,990.05,25.13,-166.41,25.06,3413,6237
43,25,990.05,25.13,-166.39,25.06,3414,7362
43,24,990.05,25.13,-166.41,24.56,3415,8759
43,24,990.05,25.12,-166.39,24.56,3416,9885
43,24,990.05,25.12,-166.41,24.56,3418,11283
43,24,990.05,25.12,-166.42,24.56,3419,12409
43,24,990.05,25.11,-166.42,24.56,3420,13807
43,24,990.05,25.11,-166.40,24.56,3421,14935
43,24,990.05,25.10,-166.37,24.55,3423,16333
43,24,990.05,25.10,-166.35,24.55,3424,17460
43,24,990.05,25.09,-166.38,24.55,3425,18857
43,24,990.04,25.09,-166.34,24.55,3426,19985
43,24,990.05,25.08,-166.36,24.54,3428,21383
43,24,990.05,25.08,-166.36,24.54,3429,22510
43,24,990.05,25.07,-166.35,24.53,3430,23909
43,24,990.05,25.07,-166.36,24.53,3431,25035
43,24,990.04,25.06,-166.33,24.53,3433,26433
43,24,990.05,25.06,-166.36,24.53,3434,27560
43,24,990.04,25.06,-166.34,24.53,3435,28959
43,24,990.05,25.05,-166.36,24.52,3436,30086
43,24,990.05,25.05,-166.38,24.52,3438,31484
43,24,990.05,25.05,-166.37,24.52,3439,32611
44,24,990.05,25.04,-166.37,24.52,3440,-31527
44,24,990.05,25.04,-166.38,24.52,3442,-30399
44,24,990.05,25.03,-166.37,24.51,3443,-28999
44,24,990.05,25.03,-166.36,24.51,3444,-27872
44,24,990.05,25.02,-166.36,24.51,3445,-26473
44,24,990.05,25.02,-166.36,24.51,3447,-25344
44,24,990.04,25.01,-166.33,24.51,3448,-23946
44,24,990.04,25.00,-166.30,24.50,3449,-22817
44,24,990.04,24.99,-166.28,24.49,3451,-21417
44,24,990.04,24.99,-166.32,24.49,3452,-20290
44,24,990.04,24.98,-166.29,24.49,3453,-18891
44,24,990.04,24.97,-166.29,24.49,3454,-17763
44,24,990.04,24.97,-166.27,24.49,3456,-16363
44,24,990.04,24.96,-166.27,24.48,3457,-15236
44,24,990.03,24.95,-166.25,24.48,3458,-13837
44,24,990.04,24.95,-166.29,24.48,3459,-12708
44,24,990.04,24.94,-166.31,24.47,3461,-11309
44,24,990.04,24.93,-166.26,24.47,3462,-10181
45,24,990.03,24.92,-166.24,24.46,3463,-8781
45,24,990.03,24.91,-166.19,24.45,3464,-7655
45,24,990.03,24.91,-166.21,24.45,3466,-6257
45,24,990.03,24.90,-166.21,24.45,3467,-5130
45,24,990.03,24.90,-166.24,24.45,3468,-3731
45,24,990.03,24.89,-166.21,24.44,3469,-2605
45,24,990.03,24.88,-166.20,24.44,3471,-1207
45,24,990.03,24.88,-166.23,24.44,3472,-79
45,24,990.03,24.88,-166.20,24.44,3473,1317
45,24,990.02,24.87,-166.17,24.44,3474,2443
45,24,990.03,24.86,-166.20,24.43,3476,3840
45,24,990.02,24.86,-166.16,24.43,3477,4966
45,24,990.02,24.85,-166.15,24.42,3478,6364
45,24,990.02,24.85,-166.16,24.42,3479,7489
45,24,990.03,24.85,-166.17,24.42,3481,8886
45,24,990.03,24.85,-166.19,24.42,3482,10012
45,24,990.02,24.84,-166.15,24.42,3483,11411
45,24,990.02,24.84,-166.15,24.42,3484,12537
45,24,990.03,24.84,-166.17,24.42,3486,13935
45,24,990.02,24.83,-166.16,24.42,3487,15063
45,24,990.02,24.82,-166.13,24.41,3488,16460
45,24,990.02,24.82,-166.14,24.41,3490,17588
45,24,990.02,24.81,-166.10,24.40,3491,18987
45,24,990.02,24.81,-166.09,24.40,3492,20113
45,24,990.02,24.80,-166.10,24.40,3493,21511
45,24,990.02,24.80,-166.13,24.40,3495,22638
45,24,990.02,24.79,-166.10,24.40,3496,24037
45,24,990.02,24.78,-166.14,24.39,3497,25163
45,24,990.02,24.78,-166.13,24.39,3499,26561
45,24,990.02,24.77,-166.15,24.39,3500,27688
45,24,990.02,24.77,-166.17,24.39,3501,29086
45,24,990.02,24.76,-166.16,24.38,3502,30213
45,24,990.02,24.75,-166.12,24.38,3504,31611
45,24,990.02,24.75,-166.13,24.38,3505,32738
45,24,990.02,24.74,-166.15,24.37,3506,-31400
45,24,990.02,24.73,-166.14,24.36,3507,-30272
45,24,990.02,24.72,-166.11,24.36,3509,-28872
45,24,990.02,24.72,-166.13,24.36,3510,-27745
45,24,990.02,24.72,-166.11,24.36,3511,-26346
45,24,990.02,24.71,-166.10,24.35,3512,-25218
45,24,990.02,24.71,-166.14,24.35,3514,-23818
45,24,990.02,24.71,-166.11,24.35,3515,-22690
46,24,990.02,24.70,-166.15,24.35,3516,-21292
46,24,990.02,24.70,-166.13,24.35,3517,-20163
46,24,990.02,24.70,-166.16,24.35,3519,-18764
46,24,990.02,24.69,-166.16,24.35,3520,-17636
46,24,990.02,24.69,-166.16,24.35,3521,-16236
46,24,990.02,24.69,-166.13,24.35,3522,-15109
46,24,990.02,24.68,-166.13,24.34,3524,-13710
46,24,990.02,24.68,-166.11,24.34,3525,-12581
46,24,990.02,24.68,-166.16,24.34,3526,-11182
46,24,990.02,24.68,-166.16,24.34,3527,-10054
46,24,990.02,24.68,-166.17,24.34,3529,-8655
46,24,990.02,24.67,-166.17,24.33,3530,-7528
46,24,990.02,24.67,-166.10,24.33,3531,-6129
46,24,990.02,24.67,-166.12,24.33,3532,-5003
46,24,990.02,24.67,-166.12,24.33,3534,-3605
46,24,990.02,24.66,-166.12,24.33,3535,-2478
46,23,990.02,24.66,-166.09,23.83,3536,-1080
46,23,990.02,24.66,-166.10,23.83,3538,48
46,23,990.01,24.65,-166.07,23.83,3539,1443
46,23,990.01,24.65,-166.07,23.83,3540,2569
46,23,990.01,24.64,-166.05,23.82,3541,3965
46,23,990.01,24.63,-166.02,23.81,3543,5092
46,23,990.01,24.63,-166.02,23.81,3544,6489
46,23,990.01,24.62,-166.00,23.81,3545,7615
46,23,990.01,24.62,-166.02,23.81,3546,9013
46,23,990.00,24.61,-166.00,23.81,3548,10138
46,23,990.00,24.60,-165.98,23.80,3549,11537
46,23,990.01,24.60,-166.04,23.80,3550,12663
46,23,990.01,24.59,-166.06,23.80,3552,14061
46,23,990.01,24.59,-166.07,23.80,3553,15188
46,23,990.01,24.58,-166.04,23.79,3554,16586
46,23,990.01,24.57,-166.05,23.78,3555,17714
46,23,990.01,24.56,-166.01,23.78,3557,19112
46,23,990.01,24.55,-166.03,23.77,3558,20239
46,23,990.01,24.55,-166.07,23.77,3559,21637
46,23,990.02,24.54,-166.10,23.77,3560,22764
46,23,990.02,24.53,-166.09,23.76,3562,24162
46,23,990.01,24.53,-166.08,23.76,3563,25289
46,23,990.02,24.52,-166.09,23.76,3564,26688
46,23,990.02,24.52,-166.09,23.76,3565,27814
46,23,990.02,24.52,-166.10,23.76,3567,29212
46,23,990.01,24.51,-166.07,23.76,3568,30340
46,23,990.02,24.50,-166.10,23.75,3569,31737
46,23,990.01,24.50,-166.07,23.75,3570,-32671
46,23,990.01,24.49,-166.06,23.74,3572,-31271
46,23,990.01,24.49,-166.04,23.74,3573,-30144
46,23,990.01,24.48,-166.07,23.74,3574,-28744
46,23,990.01,24.48,-166.08,23.74,3575,-27617
46,23,990.01,24.48,-166.06,23.74,3577,-26218
46,23,990.01,24.47,-166.03,23.74,3578,-25090
46,23,990.01,24.47,-166.06,23.74,3579,-23691
46,23,990.01,24.46,-166.03,23.73,3580,-22562
46,23,990.01,24.46,-166.05,23.73,3582,-21162
46,23,990.00,24.45,-165.93,23.73,3583,-20035
46,23,990.00,24.45,-165.95,23.73,3584,-18635
46,23,990.00,24.44,-165.97,23.72,3586,-17508
46,23,990.00,24.44,-165.99,23.72,3587,-16109
46,23,990.01,24.43,-166.01,23.72,3588,-14981
46,23,990.01,24.43,-166.02,23.72,3589,-13582
46,23,990.01,24.43,-166.05,23.72,3591,-12453
46,23,990.01,24.42,-166.07,23.71,3592,-11055
46,23,990.01,24.42,-166.06,23.71,3593,-9926
46,23,990.01,24.41,-166.07,23.70,3594,-8527
46,23,990.02,24.41,-166.10,23.70,3596,-7401
46,23,990.02,24.40,-166.16,23.70,3597,-6003
46,23,990.02,24.40,-166.16,23.70,3598,-4876
47,23,990.02,24.39,-166.15,23.69,3600,-3478
47,23,990.03,24.39,-166.20,23.69,3601,-2351
47,23,990.03,24.38,-166.19,23.69,3602,-953
47,23,990.03,24.38,-166.21,23.69,3603,173
47,23,990.03,24.38,-166.23,23.69,3605,1569
47,23,990.03,24.37,-166.19,23.69,3606,2695
47,23,990.03,24.37,-166.24,23.69,3607,4091
47,23,990.03,24.37,-166.24,23.69,3608,5218
47,23,990.04,24.36,-166.27,23.68,3610,6615
47,23,990.04,24.36,-166.28,23.68,3611,7741
47,23,990.04,24.36,-166.28,23.68,3612,9139
47,23,990.04,24.35,-166.30,23.67,3613,10264
47,23,990.04,24.35,-166.30,23.67,3615,11663
47,23,990.04,24.35,-166.32,23.67,3616,12789
47,23,990.04,24.34,-166.32,23.67,3617,14187
47,23,990.04,24.34,-166.32,23.67,3618,15314
47,23,990.04,24.33,-166.30,23.67,3620,16712
47,23,990.04,24.33,-166.28,23.67,3621,17840
47,23,990.04,24.32,-166.31,23.66,3622,19238
47,23,990.04,24.32,-166.29,23.66,3623,20365
47,23,990.04,24.31,-166.27,23.65,3625,21764
47,23,990.03,24.31,-166.25,23.65,3626,22890
47,23,990.03,24.30,-166.22,23.65,3627,24288
47,23,990.03,24.30,-166.20,23.65,3628,25415
47,23,990.02,24.30,-166.17,23.65,3630,26813
47,23,990.02,24.29,-166.11,23.65,3631,27940
47,23,990.01,24.28,-166.08,23.64,3632,29339
47,23,990.01,24.28,-166.07,23.64,3633,30466
48,23,990.01,24.27,-166.06,23.64,3635,31863
48,23,990.01,24.26,-166.03,23.63,3636,-32545
48,23,990.00,24.26,-165.97,23.63,3637,-31128
48,23,990.00,24.25,-165.93,23.63,3639,-30001
48,23,990.00,24.25,-165.93,23.63,3640,-28602
48,23,990.00,24.24,-165.93,23.62,3641,-27473
48,23,989.99,24.23,-165.91,23.61,3642,-26075
48,23,989.99,24.23,-165.90,23.61,3644,-24946
48,23,989.99,24.22,-165.90,23.61,3645,-23546
48,23,989.99,24.22,-165.88,23.61,3646,-22419
48,23,989.99,24.21,-165.88,23.60,3648,-21020
48,23,989.99,24.21,-165.88,23.60,3649,-19892
48,23,989.99,24.20,-165.87,23.60,3650,-18493
48,23,989.99,24.20,-165.86,23.60,3651,-17364
48,23,989.99,24.20,-165.84,23.60,3653,-15965
48,23,989.99,24.19,-165.84,23.60,3654,-14837
48,23,989.99,24.19,-165.89,23.60,3655,-13438
48,23,989.99,24.19,-165.91,23.60,3656,-12310
48,23,990.00,24.18,-165.93,23.59,3658,-10910
48,23,990.00,24.18,-165.99,23.59,3659,-9783
48,23,990.00,24.17,-165.98,23.58,3660,-8385
48,23,990.00,24.17,-165.95,23.58,3661,-7258
48,23,990.00,24.16,-165.98,23.58,3663,-5860
48,23,990.00,24.16,-165.98,23.58,3664,-4732
48,23,990.00,24.15,-165.95,23.58,3665,-3334
48,23,990.00,24.15,-165.98,23.58,3666,-2207
48,23,990.00,24.15,-165.99,23.58,3668,-809
48,23,990.00,24.15,-165.98,23.58,3669,317
48,23,990.00,24.14,-165.96,23.57,3670,1714
48,23,990.00,24.14,-165.96,23.57,3671,2839
48,23,990.00,24.14,-165.94,23.57,3673,4236
48,23,990.00,24.14,-165.92,23.57,3674,5362
48,23,989.99,24.13,-165.91,23.56,3675,6760
48,23,989.99,24.13,-165.90,23.56,3676,7885
48,23,990.00,24.13,-165.92,23.56,3678,9282
48,23,990.00,24.13,-165.92,23.56,3679,10408
48,23,989.99,24.12,-165.89,23.56,3680,11807
48,23,989.99,24.12,-165.88,23.56,3681,12934
48,23,989.99,24.11,-165.88,23.56,3683,14331
48,23,989.99,24.11,-165.89,23.56,3684,15459
48,23,989.99,24.11,-165.89,23.56,3685,16857
48,23,989.99,24.10,-165.90,23.55,3687,17984
48,23,989.99,24.10,-165.90,23.55,3688,19383
48,23,990.00,24.10,-165.93,23.55,3689,20509
48,23,990.00,24.09,-165.93,23.55,3690,21907
48,23,990.00,24.09,-165.93,23.55,3692,23034
48,23,989.99,24.08,-165.91,23.54,3693,24433
48,23,990.00,24.08,-165.92,23.54,3694,25560
48,23,990.00,24.08,-165.93,23.54,3696,26957
48,23,990.00,24.07,-165.93,23.53,3697,28085
48,23,990.00,24.07,-165.93,23.53,3698,29484
48,23,989.99,24.06,-165.92,23.53,3699,30610
48,23,989.99,24.06,-165.92,23.53,3701,32008
48,23,990.00,24.06,-165.93,23.53,3702,-32401
48,23,990.00,24.06,-165.95,23.53,3703,-31001
48,23,989.99,24.05,-165.91,23.52,3704,-29874
48,23,989.99,24.05,-165.91,23.52,3706,-28475
48,23,990.00,24.04,-165.92,23.52,3707,-27346
48,23,990.00,24.04,-165.92,23.52,3708,-25947
48,23,989.99,24.04,-165.91,23.52,3709,-24819
48,23,989.99,24.03,-165.91,23.51,3711,-23420
48,23,989.99,24.03,-165.91,23.51,3712,-22292
48,23,989.99,24.03,-165.91,23.51,3713,-20892
48,23,989.99,24.02,-165.86,23.51,3714,-19765
48,23,989.99,24.02,-165.87,23.51,3716,-18366
48,23,989.99,24.01,-165.89,23.51,3717,-17237
48,23,989.99,24.01,-165.91,23.51,3718,-15839
48,23,990.00,24.00,-165.93,23.50,3719,-14710
48,23,990.00,24.00,-165.93,23.50,3721,-13310
48,23,990.00,24.00,-165.94,23.50,3722,-12183
48,23,990.00,24.00,-165.94,23.50,3723,-10784
48,23,990.00,24.00,-165.96,23.50,3724,-9656
48,23,990.00,23.99,-165.92,23.49,3726,-8257
48,23,990.00,23.99,-165.94,23.49,3727,-7131
48,23,990.00,23.99,-165.96,23.49,3728,-5733
48,23,990.00,23.99,-165.92,23.49,3729,-4605
48,23,990.00,23.99,-165.94,23.49,3731,-3207
48,23,990.00,23.99,-165.94,23.49,3732,-2080
48,23,990.00,23.99,-165.97,23.49,3733,-682
48,23,990.00,23.98,-165.95,23.49,3735,444
48,23,990.00,23.98,-165.97,23.49,3736,1841
48,23,990.00,23.98,-165.97,23.49,3737,2966
48,23,990.00,23.98,-165.99,23.49,3738,4363
48,23,990.00,23.98,-165.97,23.49,3740,5489
49,23,990.00,23.97,-165.92,23.49,3741,6887
49,23,989.99,23.97,-165.88,23.49,3742,8012
49,23,989.99,23.97,-165.86,23.49,3743,9409
49,23,989.99,23.97,-165.86,23.49,3745,10535
49,23,989.98,23.97,-165.81,23.49,3746,11934
49,23,989.98,23.97,-165.78,23.49,3747,13061
49,23,989.98,23.97,-165.80,23.49,3749,14458
49,23,989.98,23.97,-165.82,23.49,3750,15586
49,23,989.99,23.97,-165.84,23.49,3751,16985
49,23,989.99,23.97,-165.89,23.49,3752,18111
49,23,989.99,23.96,-165.89,23.48,3754,19509
49,23,989.99,23.96,-165.90,23.48,3755,20636
49,23,989.99,23.96,-165.91,23.48,3756,22035
49,23,989.99,23.96,-165.91,23.48,3757,23161
49,23,990.00,23.95,-165.96,23.48,3759,24559
49,23,989.99,23.95,-165.91,23.48,3760,25687
49,23,990.00,23.94,-165.96,23.47,3761,27085
49,23,990.00,23.94,-165.97,23.47,3762,28212
49,22,990.00,23.94,-165.95,22.97,3764,29609
49,22,990.00,23.93,-165.98,22.97,3765,30737
49,23,990.00,23.93,-165.99,23.47,3766,32136
49,23,990.01,23.93,-166.01,23.47,3767,-32274
49,22,990.01,23.92,-166.01,22.96,3769,-30875
49,22,990.00,23.92,-165.99,22.96,3770,-29747
49,23,990.00,23.92,-165.99,23.46,3771,-28347
49,23,990.00,23.92,-165.99,23.46,3772,-27219
49,22,990.00,23.91,-165.99,22.95,3774,-25821
49,22,990.00,23.91,-165.99,22.95,3775,-24692
49,22,990.01,23.90,-166.01,22.95,3776,-23293
49,22,990.01,23.90,-166.01,22.95,3777,-22165
49,22,990.00,23.89,-165.98,22.94,3779,-20765
49,22,990.00,23.89,-165.98,22.94,3780,-19638
49,22,990.00,23.89,-165.96,22.94,3781,-18239
49,22,990.00,23.89,-165.95,22.94,3783,-17111
49,22,990.00,23.88,-165.95,22.94,3784,-15711
49,22,989.99,23.88,-165.90,22.94,3785,-14583
49,22,989.99,23.88,-165.90,22.94,3786,-13184
49,22,990.00,23.88,-165.93,22.94,3788,-12056
49,22,990.00,23.87,-165.95,22.94,3789,-10657
49,22,990.00,23.87,-165.98,22.94,3790,-9529
49,22,990.00,23.87,-165.99,22.94,3791,-8131
49,22,990.00,23.87,-165.99,22.94,3793,-7005
49,22,990.00,23.86,-165.96,22.93,3794,-5607
49,22,990.00,23.86,-165.97,22.93,3795,-4479
49,22,990.00,23.85,-165.95,22.92,3797,-3081
49,22,990.00,23.85,-165.97,22.92,3798,-1954
49,22,990.00,23.85,-165.98,22.92,3799,-557
49,22,990.00,23.85,-165.99,22.92,3800,570
49,22,990.00,23.84,-165.99,22.92,3802,1967
49,22,990.00,23.84,-165.99,22.92,3803,3092
49,22,990.01,23.84,-166.02,22.92,3804,4489
49,22,990.01,23.83,-166.01,22.92,3805,5615
49,22,990.01,23.83,-166.02,22.92,3807,7013
49,22,990.01,23.83,-166.00,22.92,3808,8138
49,22,990.00,23.83,-165.99,22.92,3809,9535
49,22,990.01,23.83,-166.00,22.92,3810,10661
49,22,990.00,23.82,-165.97,22.91,3812,12060
49,22,990.00,23.82,-165.94,22.91,3813,13187
49,22,990.00,23.82,-165.99,22.91,3814,14585
49,22,990.00,23.82,-165.99,22.91,3815,15712
49,22,990.00,23.82,-166.00,22.91,3817,17110
49,22,990.00,23.82,-165.99,22.91,3818,18237
49,22,990.00,23.81,-165.98,22.90,3819,19636
49,22,990.00,23.81,-166.00,22.90,3820,20762
49,22,990.01,23.81,-166.01,22.90,3822,22160
49,22,990.00,23.81,-166.00,22.90,3823,23287
49,22,990.01,23.81,-166.03,22.90,3824,24685
49,22,990.01,23.81,-166.01,22.90,3825,25812
49,22,990.00,23.81,-166.00,22.90,3827,27211
49,22,990.00,23.80,-166.00,22.90,3828,28338
49,22,990.00,23.80,-166.00,22.90,3829,29735
49,22,990.01,23.80,-166.01,22.90,3830,30863
49,22,990.01,23.80,-166.01,22.90,3832,32261
49,22,990.00,23.80,-165.98,22.90,3833,-32148
49,22,990.00,23.80,-165.96,22.90,3834,-30748
49,22,990.00,23.79,-165.96,22.90,3836,-29621
49,22,990.00,23.79,-165.95,22.90,3837,-28222
49,22,990.00,23.79,-165.95,22.90,3838,-27093
49,22,990.00,23.78,-165.93,22.89,3839,-25695
49,22,990.00,23.78,-165.93,22.89,3841,-24566
49,22,990.00,23.77,-165.92,22.89,3842,-23166
49,22,990.00,23.77,-165.92,22.89,3843,-22039
49,22,989.99,23.77,-165.91,22.89,3845,-20640
49,22,990.00,23.76,-165.95,22.88,3846,-19512
49,22,990.00,23.76,-165.97,22.88,3847,-18113
49,22,990.00,23.76,-165.98,22.88,3848,-16985
49,22,990.00,23.75,-165.95,22.88,3850,-15585
49,22,989.99,23.75,-165.92,22.88,3851,-14457
49,22,990.00,23.75,-165.98,22.88,3852,-13059
49,22,990.00,23.74,-165.99,22.87,3853,-11930
49,22,990.00,23.74,-165.98,22.87,3855,-10531
49,22,990.00,23.74,-165.95,22.87,3856,-9403
49,22,990.00,23.74,-165.95,22.87,3857,-8004
49,22,990.00,23.74,-165.96,22.87,3858,-6878
49,22,990.00,23.73,-165.97,22.86,3860,-5479
49,22,990.01,23.73,-166.01,22.86,3861,-4352
49,22,990.01,23.73,-166.01,22.86,3862,-2955
49,22,990.01,23.73,-166.01,22.86,3863,-1827
49,22,990.01,23.74,-166.08,22.87,3865,-430
49,22,990.01,23.74,-166.08,22.87,3866,696
49,22,990.01,23.74,-166.08,22.87,3867,2093
49,22,990.02,23.74,-166.10,22.87,3868,3218
49,22,990.02,23.74,-166.12,22.87,3870,4615
49,22,990.02,23.74,-166.10,22.87,3871,5741
49,22,990.02,23.74,-166.12,22.87,3872,7139
49,22,990.02,23.74,-166.12,22.87,3873,8264
49,22,990.02,23.73,-166.09,22.86,3875,9661
49,22,990.01,23.73,-166.06,22.86,3876,10787
49,22,990.01,23.73,-166.03,22.86,3877,12185
49,22,990.01,23.73,-166.01,22.86,3878,13313
49,22,990.00,23.72,-166.00,22.86,3880,14711
49,22,990.00,23.72,-165.98,22.86,3881,15838
49,22,990.00,23.72,-165.97,22.86,3882,17236
49,22,990.00,23.72,-165.93,22.86,3884,18363
49,22,990.00,23.72,-165.97,22.86,3885,19761
49,22,990.00,23.71,-165.97,22.85,3886,20888
49,22,990.01,23.71,-166.01,22.85,3887,22286
49,22,990.01,23.71,-166.02,22.85,3889,23412
49,22,990.01,23.71,-166.02,22.85,3890,24811
49,22,990.01,23.71,-166.02,22.85,3891,25937
49,22,990.01,23.71,-166.02,22.85,3892,27335
49,22,990.00,23.71,-165.98,22.85,3894,28463
49,22,990.01,23.71,-166.02,22.85,3895,29880
49,22,990.01,23.71,-166.01,22.85,3896,31007
49,22,990.01,23.70,-166.04,22.85,3898,32405
49,22,990.01,23.70,-166.05,22.85,3899,-32004
49,22,990.01,23.70,-166.05,22.85,3900,-30604
49,22,990.01,23.70,-166.03,22.85,3901,-29476
49,22,990.01,23.70,-166.03,22.85,3903,-28078
49,22,990.01,23.69,-166.03,22.85,3904,-26949
49,22,990.01,23.69,-166.01,22.85,3905,-25550
49,22,990.01,23.69,-166.05,22.85,3906,-24422
49,22,990.01,23.69,-166.05,22.85,3908,-23022
49,22,990.01,23.69,-166.06,22.85,3909,-21895
49,22,990.01,23.69,-166.06,22.85,3910,-20495
49,22,990.02,23.69,-166.09,22.85,3911,-19367
49,22,990.01,23.69,-166.07,22.85,3913,-17969
49,22,990.01,23.69,-166.06,22.85,3914,-16840
49,22,990.01,23.69,-166.08,22.85,3915,-15441
49,22,990.01,23.69,-166.06,22.85,3916,-14313
49,22,990.02,23.69,-166.09,22.85,3918,-12913
49,22,990.01,23.68,-166.06,22.84,3919,-11786
49,22,990.01,23.68,-166.03,22.84,3920,-10386
49,22,990.01,23.68,-166.01,22.84,3921,-9258
49,22,990.00,23.68,-165.98,22.84,3923,-7861
49,22,990.00,23.68,-165.98,22.84,3924,-6733
49,22,990.00,23.67,-165.97,22.83,3925,-5336
49,22,990.00,23.67,-165.97,22.83,3926,-4209
49,22,990.00,23.67,-165.93,22.83,3928,-2810
49,22,990.00,23.67,-165.97,22.83,3929,-1684
49,22,990.00,23.67,-165.95,22.83,3930,-286
49,22,990.00,23.67,-165.96,22.83,3932,840
49,22,990.01,23.67,-166.01,22.83,3933,2236
49,22,990.01,23.67,-166.04,22.83,3934,3361
49,22,990.01,23.67,-166.05,22.83,3935,4759
49,22,990.01,23.67,-166.05,22.83,3937,5884
49,22,990.01,23.67,-166.07,22.83,3938,7281
49,22,990.02,23.67,-166.10,22.83,3939,8408
49,22,990.01,23.67,-166.05,22.83,3941,9804
49,22,990.01,23.67,-166.07,22.83,3942,10930
49,22,990.02,23.67,-166.10,22.83,3943,12328
49,22,990.02,23.66,-166.11,22.83,3944,13455
49,22,990.02,23.66,-166.13,22.83,3946,14853
49,22,990.02,23.66,-166.13,22.83,3947,15980
49,22,990.01,23.65,-166.08,22.83,3948,17378
49,22,990.02,23.65,-166.06,22.83,3949,18505
49,22,990.01,23.64,-166.05,22.82,3951,19904
49,22,990.01,23.64,-166.06,22.82,3952,21030
49,22,990.01,23.64,-166.04,22.82,3953,22428
49,22,990.01,23.63,-166.04,22.81,3954,23556
49,22,990.01,23.63,-166.04,22.81,3956,24953
49,22,990.00,23.62,-165.98,22.81,3957,26081
49,22,990.00,23.62,-165.99,22.81,3958,27480
49,22,990.01,23.61,-166.01,22.81,3959,28606
49,22,990.01,23.61,-166.02,22.81,3961,30004
49,22,990.01,23.61,-166.01,22.81,3962,31131
49,22,990.01,23.60,-166.03,22.80,3963,32529
49,22,990.01,23.60,-166.03,22.80,3964,-31880
49,22,990.00,23.59,-166.00,22.80,3966,-30480
49,22,990.01,23.59,-166.01,22.80,3967,-29352
49,22,990.00,23.59,-166.00,22.80,3968,-27954
49,22,990.01,23.58,-166.02,22.79,3969,-26825
49,22,990.01,23.58,-166.02,22.79,3971,-25426
49,22,990.01,23.57,-166.02,22.78,3972,-24298
49,22,990.01,23.57,-166.02,22.78,3973,-22898
49,22,990.01,23.56,-166.03,22.78,3974,-21771
49,22,990.01,23.56,-166.01,22.78,3976,-20372
49,22,990.01,23.56,-166.01,22.78,3977,-19244
49,22,990.00,23.55,-166.00,22.77,3978,-17845
49,22,990.01,23.55,-166.03,22.77,3980,-16716
49,22,990.00,23.54,-165.98,22.77,3981,-15316
49,22,990.00,23.54,-165.98,22.77,3982,-14189
49,22,990.00,23.54,-165.98,22.77,3983,-12790
49,22,990.00,23.54,-165.97,22.77,3985,-11662
49,22,990.00,23.53,-165.95,22.76,3986,-10263
49,22,990.00,23.53,-165.93,22.76,3987,-9135
49,22,990.00,23.53,-165.93,22.76,3988,-7736
49,22,989.99,23.53,-165.92,22.76,3990,-6609
49,22,989.99,23.52,-165.92,22.76,3991,-5212
49,22,990.00,23.52,-165.96,22.76,3992,-4084
49,22,990.00,23.52,-165.96,22.76,3994,-2686
49,22,990.00,23.52,-165.97,22.76,3995,-1559
50,22,990.00,23.52,-165.99,22.76,3996,-160
50,22,990.00,23.52,-165.97,22.76,3997,965
50,22,990.00,23.52,-165.97,22.76,3999,2361
50,22,990.00,23.51,-165.92,22.76,4000,3487
49,22,990.00,23.51,-165.96,22.76,4001,4884
49,22,990.00,23.51,-165.97,22.76,4002,6009
50,22,990.00,23.51,-165.94,22.76,4004,7407
50,22,990.00,23.51,-165.96,22.76,4005,8532
50,22,990.00,23.51,-165.92,22.76,4006,9929
50,22,990.00,23.51,-165.95,22.76,4007,11056
50,22,990.00,23.51,-165.92,22.76,4009,12454
50,22,990.00,23.51,-165.92,22.76,4010,13581
50,22,989.99,23.50,-165.91,22.75,4011,14979
50,22,989.99,23.50,-165.89,22.75,4012,16106
50,22,989.99,23.50,-165.91,22.75,4014,17504
50,22,989.99,23.50,-165.88,22.75,4015,18631
50,22,989.99,23.50,-165.86,22.75,4016,20030
50,22,989.99,23.50,-165.88,22.75,4017,21156
50,22,989.98,23.49,-165.81,22.74,4019,22554
50,22,989.98,23.49,-165.83,22.74,4020,23682
50,22,989.98,23.49,-165.80,22.74,4021,25079
50,22,989.98,23.48,-165.78,22.74,4022,26207
50,22,989.98,23.48,-165.80,22.74,4024,27606
50,22,989.98,23.48,-165.78,22.74,4025,28732
50,22,989.98,23.48,-165.75,22.74,4026,30130
50,22,989.98,23.48,-165.77,22.74,4027,31257
50,22,989.98,23.48,-165.77,22.74,4029,32655
50,22,989.98,23.48,-165.75,22.74,4030,-31754
50,22,989.98,23.48,-165.79,22.74,4031,-30354
50,22,989.98,23.47,-165.79,22.74,4033,-29226
50,22,989.98,23.47,-165.82,22.74,4034,-27828
50,22,989.98,23.47,-165.82,22.74,4035,-26699
50,22,989.98,23.47,-165.82,22.74,4036,-25300
50,22,989.98,23.46,-165.82,22.73,4038,-24172
50,22,989.98,23.46,-165.79,22.73,4039,-22772
50,22,989.98,23.46,-165.82,22.73,4040,-21645
50,22,989.98,23.46,-165.79,22.73,4042,-20246
50,22,989.98,23.46,-165.79,22.73,4043,-19118
50,22,989.98,23.46,-165.79,22.73,4044,-17719
50,22,989.97,23.46,-165.74,22.73,4045,-16590
50,22,989.98,23.46,-165.76,22.73,4047,-15191
50,22,989.97,23.45,-165.74,22.73,4048,-14063
50,22,989.98,23.45,-165.77,22.73,4049,-12664
50,22,989.98,23.45,-165.76,22.73,4050,-11536
50,22,989.98,23.45,-165.77,22.73,4052,-10137
50,22,989.98,23.45,-165.76,22.73,4053,-9009
50,22,989.98,23.45,-165.79,22.73,4054,-7610
50,22,989.98,23.45,-165.80,22.73,4055,-6483
50,22,989.98,23.45,-165.80,22.73,4057,-5086
50,22,989.98,23.44,-165.80,22.72,4058,-3958
50,22,989.98,23.44,-165.82,22.72,4059,-2560
50,22,989.99,23.44,-165.84,22.72,4060,-1433
50,22,989.99,23.44,-165.84,22.72,4062,-34
50,22,989.99,23.44,-165.84,22.72,4063,1090
50,22,989.99,23.43,-165.85,22.72,4064,2487
50,22,989.99,23.43,-165.87,22.72,4065,3613
50,22,989.99,23.43,-165.87,22.72,4067,5011
50,22,989.99,23.43,-165.88,22.72,4068,6136
50,22,989.99,23.42,-165.87,22.71,4069,7533
50,22,989.99,23.42,-165.88,22.71,4070,8659
50,22,989.99,23.42,-165.86,22.71,4072,10056
50,22,989.98,23.42,-165.83,22.71,4073,11184
50,22,989.99,23.42,-165.84,22.71,4074,12582
50,22,989.99,23.41,-165.86,22.70,4075,13709
50,22,989.98,23.41,-165.81,22.70,4077,15107
50,22,989.98,23.41,-165.81,22.70,4078,16234
50,22,989.98,23.40,-165.83,22.70,4079,17632
50,22,989.99,23.40,-165.84,22.70,4081,18759
50,22,989.99,23.40,-165.87,22.70,4082,20158
50,22,989.99,23.40,-165.86,22.70,4083,21284
50,22,989.99,23.40,-165.87,22.70,4084,22682
50,22,989.99,23.40,-165.87,22.70,4086,23810
50,22,989.99,23.40,-165.90,22.70,4087,25207
50,22,989.99,23.39,-165.89,22.69,4088,26334
50,22,989.99,23.39,-165.90,22.69,4090,27732
50,22,989.99,23.39,-165.85,22.69,4091,28859
50,22,989.99,23.38,-165.83,22.69,4092,30257
50,22,989.99,23.38,-165.87,22.69,4093,31384
50,22,989.99,23.38,-165.83,22.69,4095,-32753
50,22,989.98,23.38,-165.82,22.69,4096,-31626
50,22,989.98,23.38,-165.79,22.69,4097,-30226
50,22,989.98,23.38,-165.79,22.69,4098,-29098
50,22,989.98,23.37,-165.79,22.69,4100,-27700
50,22,989.98,23.37,-165.77,22.69,4101,-26571
50,22,989.98,23.37,-165.79,22.69,4102,-25171
50,22,989.98,23.37,-165.77,22.69,4103,-24044
50,22,989.98,23.36,-165.77,22.68,4105,-22645
50,22,989.98,23.36,-165.77,22.68,4106,-21517
50,22,989.98,23.36,-165.80,22.68,4107,-20118
50,22,989.98,23.36,-165.80,22.68,4108,-18990
50,22,989.98,23.36,-165.80,22.68,4110,-17590
50,22,989.98,23.35,-165.77,22.67,4111,-16462
50,22,989.98,23.35,-165.78,22.67,4112,-15064
50,22,989.98,23.35,-165.75,22.67,4113,-13935
50,22,989.98,23.35,-165.77,22.67,4115,-12535
50,22,989.98,23.35,-165.77,22.67,4116,-11408
50,22,989.98,23.35,-165.80,22.67,4117,-10009
50,22,989.98,23.35,-165.80,22.67,4118,-8881
50,22,989.98,23.35,-165.75,22.67,4120,-7483
50,22,989.97,23.35,-165.73,22.67,4121,-6355
50,22,989.98,23.35,-165.79,22.67,4122,-4957
50,22,989.98,23.35,-165.78,22.67,4123,-3830
50,22,989.98,23.35,-165.78,22.67,4125,-2432
50,22,989.98,23.34,-165.78,22.67,4126,-1305
51,22,989.98,23.34,-165.78,22.67,4127,94
51,22,989.98,23.34,-165.78,22.67,4129,1217
51,22,989.98,23.34,-165.79,22.67,4130,2614
51,22,989.98,23.34,-165.76,22.67,4131,3740
51,22,989.98,23.33,-165.78,22.67,4132,5137
51,22,989.98,23.33,-165.79,22.67,4134,6262
51,22,989.99,23.33,-165.83,22.67,4135,7660
51,22,989.98,23.33,-165.83,22.67,4136,8785
51,22,989.98,23.32,-165.80,22.66,4137,10182
51,22,989.98,23.32,-165.80,22.66,4139,11310
51,22,989.98,23.32,-165.81,22.66,4140,12708
51,22,989.98,23.32,-165.78,22.66,4141,13835
51,22,989.98,23.32,-165.83,22.66,4143,15233
51,22,989.98,23.32,-165.83,22.66,4144,16360
51,22,989.98,23.31,-165.78,22.65,4145,17758
51,22,989.98,23.31,-165.75,22.65,4146,18885
51,22,989.97,23.31,-165.74,22.65,4148,20284
51,22,989.97,23.31,-165.71,22.65,4149,21410
51,22,989.97,23.31,-165.72,22.65,4150,22808
51,22,989.97,23.31,-165.72,22.65,4151,23936
51,22,989.97,23.30,-165.72,22.65,4153,25333
51,22,989.97,23.30,-165.73,22.65,4154,26461
51,22,989.97,23.30,-165.70,22.65,4155,27859
51,22,989.97,23.30,-165.67,22.65,4156,28986
51,22,989.97,23.30,-165.69,22.65,4158,30384
51,22,989.97,23.30,-165.70,22.65,4159,31511
51,22,989.97,23.29,-165.67,22.65,4160,-32627
51,22,989.96,23.29,-165.64,22.65,4161,-31499
51,22,989.97,23.29,-165.67,22.65,4163,-30099
51,22,989.96,23.29,-165.64,22.65,4164,-28972
51,22,989.97,23.29,-165.67,22.65,4165,-27573
51,22,989.97,23.28,-165.68,22.64,4166,-26444
51,22,989.97,23.28,-165.68,22.64,4168,-25045
51,22,989.97,23.28,-165.70,22.64,4169,-23917
51,22,989.97,23.28,-165.70,22.64,4170,-22517
51,22,989.97,23.28,-165.72,22.64,4171,-21390
51,22,989.98,23.28,-165.76,22.64,4173,-19991
51,22,989.97,23.27,-165.74,22.64,4174,-18863
51,22,989.97,23.27,-165.74,22.64,4175,-17464
51,22,989.97,23.27,-165.71,22.64,4177,-16335
51,22,989.97,23.26,-165.70,22.63,4178,-14936
51,22,989.97,23.26,-165.70,22.63,4179,-13808
51,22,989.97,23.26,-165.73,22.63,4180,-12409
51,22,989.98,23.26,-165.76,22.63,4182,-11281
51,22,989.98,23.26,-165.78,22.63,4183,-9882
51,22,989.98,23.26,-165.76,22.63,4184,-8755
51,22,989.97,23.26,-165.74,22.63,4185,-7356
51,22,989.98,23.26,-165.78,22.63,4187,-6229
51,22,989.98,23.26,-165.79,22.63,4188,-4810
51,22,989.98,23.26,-165.80,22.63,4189,-3683
51,22,989.98,23.25,-165.82,22.63,4191,-2285
51,22,989.99,23.25,-165.84,22.63,4192,-1158
51,22,989.99,23.25,-165.89,22.63,4193,240
51,22,989.99,23.25,-165.88,22.63,4194,1364
51,22,989.99,23.25,-165.91,22.63,4196,2761
51,22,990.00,23.25,-165.95,22.63,4197,3888
51,22,990.00,23.25,-165.97,22.63,4198,5285
51,22,990.00,23.25,-165.97,22.63,4199,6411
51,22,990.00,23.24,-166.00,22.62,4201,7808
51,22,990.01,23.24,-166.04,22.62,4202,8934
51,22,990.01,23.24,-166.04,22.62,4203,10331
51,22,990.01,23.24,-166.01,22.62,4204,11458
51,22,990.01,23.24,-166.01,22.62,4206,12857
51,22,990.01,23.23,-166.01,22.61,4207,13983
51,22,990.01,23.23,-166.05,22.61,4208,15381
51,22,990.01,23.23,-166.02,22.61,4209,16508
51,22,990.01,23.23,-166.02,22.61,4211,17906
51,22,990.00,23.23,-165.96,22.61,4212,19034
51,22,990.00,23.22,-165.95,22.61,4213,20432
51,22,989.99,23.22,-165.91,22.61,4214,21559
51,22,989.99,23.22,-165.91,22.61,4216,22957
51,22,989.99,23.22,-165.90,22.61,4217,24084
51,22,989.99,23.22,-165.90,22.61,4218,25482
51,22,989.99,23.22,-165.91,22.61,4219,26609
51,22,990.00,23.22,-165.93,22.61,4221,28008
51,22,989.99,23.22,-165.91,22.61,4222,29134
51,22,990.00,23.22,-165.94,22.61,4223,30532
51,22,990.00,23.22,-165.96,22.61,4225,31660
51,22,990.00,23.22,-165.96,22.61,4226,-32479
51,22,990.00,23.22,-165.96,22.61,4227,-31351
51,22,990.00,23.22,-165.96,22.61,4228,-29951
51,22,990.00,23.22,-165.96,22.61,4230,-28824
51,22,989.99,23.21,-165.91,22.60,4231,-27425
51,22,990.00,23.21,-165.92,22.60,4232,-26297
51,22,990.00,23.21,-165.92,22.60,4233,-24898
51,22,989.99,23.21,-165.91,22.60,4235,-23770
51,22,990.00,23.21,-165.95,22.60,4236,-22370
51,22,990.00,23.21,-165.95,22.60,4237,-21242
51,22,990.00,23.21,-165.98,22.60,4239,-19844
51,22,990.00,23.21,-165.96,22.60,4240,-18715
51,22,990.00,23.21,-165.96,22.60,4241,-17316
51,22,990.00,23.20,-165.96,22.60,4242,-16188
51,22,990.00,23.20,-165.95,22.60,4244,-14788
51,22,990.00,23.20,-165.94,22.60,4245,-13661
51,22,990.00,23.20,-165.95,22.60,4246,-12262
51,22,989.99,23.20,-165.90,22.60,4247,-11133
51,22,990.00,23.20,-165.95,22.60,4249,-9735
51,22,990.00,23.20,-165.95,22.60,4250,-8607
51,22,990.00,23.20,-165.95,22.60,4251,-7208
51,22,990.00,23.20,-165.98,22.60,4252,-6082
51,22,990.00,23.20,-165.96,22.60,4254,-4684
51,22,990.00,23.20,-166.00,22.60,4255,-3557
51,22,990.00,23.20,-165.95,22.60,4256,-2159
51,22,990.00,23.20,-165.96,22.60,4257,-1032
51,22,990.00,23.20,-165.95,22.60,4259,366
51,22,990.00,23.20,-165.95,22.60,4260,1490
51,22,990.00,23.20,-165.95,22.60,4261,2887
51,22,990.00,23.20,-165.92,22.60,4262,4014
51,22,990.00,23.20,-165.95,22.60,4264,5411
51,22,990.00,23.20,-165.95,22.60,4265,6537
51,22,990.00,23.20,-165.96,22.60,4266,7933
51,22,990.00,23.20,-165.98,22.60,4267,9060
51,22,990.01,23.20,-166.02,22.60,4269,10457
51,22,990.01,23.20,-166.04,22.60,4270,11584
51,22,990.01,23.20,-166.05,22.60,4271,12983
51,22,990.01,23.19,-166.04,22.60,4272,14109
51,22,990.01,23.19,-166.07,22.60,4274,15507
51,22,990.01,23.19,-166.05,22.60,4275,16634
51,22,990.01,23.19,-166.04,22.60,4276,18032
51,22,990.01,23.19,-166.06,22.60,4278,19159
51,22,990.01,23.18,-166.03,22.59,4279,20557
51,22,990.01,23.18,-166.01,22.59,4280,21684
51,22,990.01,23.18,-166.01,22.59,4281,23081
51,22,990.00,23.18,-166.00,22.59,4283,24209
51,22,990.01,23.17,-166.01,22.58,4284,25608
51,22,990.01,23.17,-166.01,22.58,4285,26734
51,22,990.01,23.17,-166.01,22.58,4287,28133
51,22,990.01,23.17,-166.03,22.58,4288,29259
51,22,990.01,23.17,-166.04,22.58,4289,30657
51,22,990.01,23.17,-166.02,22.58,4290,31784
51,22,990.01,23.16,-166.02,22.58,4292,-32353
51,22,990.01,23.16,-166.02,22.58,4293,-31225
51,22,990.01,23.16,-166.05,22.58,4294,-29827
51,22,990.01,23.15,-166.01,22.58,4295,-28698
51,22,990.01,23.15,-166.02,22.58,4297,-27299
51,22,990.01,23.15,-166.04,22.58,4298,-26171
51,22,990.01,23.15,-166.07,22.58,4299,-24771
51,22,990.01,23.15,-166.06,22.58,4300,-23644
51,22,990.01,23.15,-166.08,22.58,4302,-22244
51,22,990.02,23.15,-166.11,22.58,4303,-21116
51,22,990.01,23.14,-166.08,22.57,4304,-19718
51,22,990.02,23.14,-166.09,22.57,4305,-18589
51,22,990.01,23.14,-166.05,22.57,4307,-17189
51,22,990.01,23.14,-166.07,22.57,4308,-16062
51,22,990.02,23.13,-166.09,22.56,4309,-14662
51,22,990.02,23.13,-166.12,22.56,4310,-13535
51,22,990.02,23.13,-166.09,22.56,4312,-12136
51,22,990.02,23.13,-166.12,22.56,4313,-11007
51,22,990.02,23.13,-166.12,22.56,4314,-9608
51,22,990.01,23.13,-166.06,22.56,4315,-8481
51,22,990.01,23.13,-166.07,22.56,4317,-7082
51,22,990.01,23.13,-166.04,22.56,4318,-5956
51,22,990.01,23.13,-166.03,22.56,4319,-4558
51,22,990.01,23.13,-166.01,22.56,4320,-3431
51,22,990.00,23.13,-166.00,22.56,4322,-2032
51,22,990.00,23.13,-166.00,22.56,4323,-906
51,22,990.00,23.13,-166.00,22.56,4324,491
51,22,990.00,23.13,-166.00,22.56,4326,1616
51,22,990.01,23.13,-166.01,22.56,4327,3013
51,22,990.00,23.12,-165.98,22.56,4328,4140
51,22,990.00,23.12,-165.95,22.56,4329,5537
51,22,990.00,23.12,-165.97,22.56,4331,6663
51,22,990.00,23.12,-165.95,22.56,4332,8059
51,22,990.00,23.12,-165.93,22.56,4333,9186
51,22,990.00,23.12,-165.95,22.56,4334,10583
51,22,990.00,23.12,-165.97,22.56,4336,11709
51,22,990.00,23.12,-165.98,22.56,4337,13108
51,22,990.00,23.12,-165.95,22.56,4338,14234
51,22,990.00,23.12,-165.93,22.56,4340,15632
51,22,990.00,23.12,-165.95,22.56,4341,16759
51,22,990.00,23.11,-165.95,22.56,4342,18158
51,22,990.00,23.11,-165.93,22.56,4343,19284
51,22,990.00,23.11,-165.93,22.56,4345,20682
51,22,990.00,23.11,-165.96,22.56,4346,21810
51,22,990.00,23.11,-165.95,22.56,4347,23207
51,22,990.00,23.11,-165.95,22.56,4348,24335
51,22,990.00,23.11,-165.96,22.56,4350,25734
51,22,990.00,23.10,-165.93,22.55,4351,26860
51,22,990.00,23.10,-165.96,22.55,4352,28258
51,22,990.00,23.10,-165.99,22.55,4353,29385
51,22,990.00,23.10,-165.97,22.55,4355,30784
51,22,990.00,23.10,-165.95,22.55,4356,31910
51,22,989.99,23.09,-165.90,22.55,4357,-32227
51,22,989.99,23.09,-165.85,22.55,4358,-31099
51,22,989.99,23.09,-165.83,22.55,4360,-29701
51,22,989.99,23.09,-165.85,22.55,4361,-28572
51,22,989.99,23.09,-165.85,22.55,4362,-27172
51,22,989.99,23.08,-165.85,22.54,4363,-26045
51,22,989.99,23.08,-165.87,22.54,4365,-24645
51,22,989.99,23.08,-165.85,22.54,4366,-23518
51,22,989.98,23.08,-165.80,22.54,4367,-22119
51,22,989.98,23.08,-165.82,22.54,4368,-20990
51,22,989.99,23.08,-165.86,22.54,4370,-19591
51,22,989.99,23.08,-165.89,22.54,4371,-18463
51,22,989.99,23.08,-165.86,22.54,4372,-17064
51,22,989.99,23.08,-165.86,22.54,4374,-15936
51,22,989.99,23.08,-165.86,22.54,4375,-14537
51,22,989.99,23.08,-165.86,22.54,4376,-13409
51,22,989.99,23.07,-165.84,22.53,4377,-12009
51,22,989.99,23.07,-165.86,22.53,4379,-10882
51,22,989.99,23.07,-165.88,22.53,4380,-9483
51,22,989.99,23.07,-165.90,22.53,4381,-8355
51,22,989.99,23.07,-165.89,22.53,4382,-6958
51,22,989.99,23.07,-165.89,22.53,4384,-5830
51,22,989.99,23.07,-165.90,22.53,4385,-4431
51,22,989.99,23.07,-165.90,22.53,4386,-3305
51,22,989.99,23.07,-165.86,22.53,4388,-1907
51,22,989.99,23.07,-165.90,22.53,4389,-780
52,22,989.99,23.07,-165.89,22.53,4390,618
52,22,989.99,23.07,-165.90,22.53,4391,1742
52,22,989.99,23.07,-165.90,22.53,4393,3139
52,22,989.99,23.07,-165.90,22.53,4394,4265
52,22,989.99,23.07,-165.87,22.53,4395,5663
52,22,989.99,23.07,-165.89,22.53,4396,6789
52,22,990.00,23.07,-165.93,22.53,4398,8185
52,22,990.00,23.07,-165.95,22.53,4399,9312
52,22,990.00,23.07,-165.95,22.53,4400,10708
52,22,990.00,23.07,-165.96,22.53,4401,11836
52,22,990.00,23.07,-165.96,22.53,4403,13235
52,22,990.00,23.07,-165.95,22.53,4404,14361
52,22,990.00,23.07,-165.93,22.53,4405,15759
52,22,989.99,23.07,-165.90,22.53,4406,16886
52,22,989.99,23.07,-165.87,22.53,4408,18285
52,22,989.99,23.07,-165.89,22.53,4409,19411
52,22,989.99,23.07,-165.89,22.53,4410,20809
52,22,989.99,23.07,-165.87,22.53,4411,21937
52,22,989.99,23.07,-165.89,22.53,4413,23334
52,22,989.99,23.07,-165.89,22.53,4414,24462
52,22,989.99,23.07,-165.89,22.53,4415,25861
52,22,989.99,23.07,-165.87,22.53,4416,26987
52,22,989.99,23.07,-165.87,22.53,4418,28385
52,22,989.99,23.07,-165.90,22.53,4419,29512
52,22,989.99,23.07,-165.88,22.53,4420,30911
52,22,989.99,23.07,-165.90,22.53,4421,32037
52,22,989.99,23.07,-165.90,22.53,4423,-32101
52,22,990.00,23.08,-165.92,22.54,4424,-30972
52,22,990.00,23.08,-165.92,22.54,4425,-29574
52,22,989.99,23.08,-165.91,22.54,4427,-28445
52,22,989.99,23.08,-165.89,22.54,4428,-27045
52,22,990.00,23.08,-165.94,22.54,4429,-25918
52,22,990.00,23.08,-165.92,22.54,4430,-24519
52,22,989.99,23.08,-165.89,22.54,4432,-23391
52,22,989.99,23.08,-165.89,22.54,4433,-21992
52,22,989.99,23.08,-165.89,22.54,4434,-20863
52,22,989.99,23.08,-165.89,22.54,4436,-19464
52,22,989.99,23.07,-165.89,22.53,4437,-18336
52,22,989.99,23.07,-165.90,22.53,4438,-16937
52,22,989.99,23.07,-165.90,22.53,4439,-15809
52,22,989.99,23.07,-165.88,22.53,4441,-14409
52,22,989.99,23.07,-165.88,22.53,4442,-13282
52,22,989.99,23.07,-165.88,22.53,4443,-11883
52,22,989.99,23.07,-165.88,22.53,4444,-10755
52,22,989.99,23.07,-165.90,22.53,4446,-9356
52,22,989.99,23.07,-165.86,22.53,4447,-8228
52,22,989.99,23.07,-165.89,22.53,4448,-6830
52,22,989.99,23.07,-165.87,22.53,4449,-5703
52,22,989.99,23.06,-165.86,22.53,4451,-4305
52,22,989.99,23.06,-165.84,22.53,4452,-3178
52,22,989.98,23.06,-165.79,22.53,4453,-1780
52,22,989.98,23.06,-165.79,22.53,4454,-654
52,22,989.98,23.06,-165.77,22.53,4456,744
52,22,989.98,23.06,-165.77,22.53,4457,1868
52,22,989.98,23.06,-165.75,22.53,4458,3265
52,22,989.98,23.06,-165.78,22.53,4459,4391
52,22,989.98,23.06,-165.75,22.53,4461,5814
52,22,989.98,23.06,-165.75,22.53,4462,6939
52,22,989.98,23.06,-165.77,22.53,4463,8337
52,22,989.98,23.06,-165.79,22.53,4464,9462
52,22,989.98,23.06,-165.77,22.53,4466,10859
52,22,989.98,23.06,-165.78,22.53,4467,11986
52,22,989.98,23.06,-165.80,22.53,4468,13385
52,22,989.98,23.06,-165.82,22.53,4469,14512
52,22,989.99,23.06,-165.84,22.53,4471,15909
52,22,989.99,23.06,-165.84,22.53,4472,17037
52,22,989.99,23.06,-165.86,22.53,4473,18436
52,22,989.99,23.06,-165.87,22.53,4475,19562
52,22,989.99,23.06,-165.87,22.53,4476,20960
52,22,989.99,23.06,-165.86,22.53,4477,22087
52,22,989.99,23.06,-165.86,22.53,4478,23485
52,22,989.98,23.06,-165.82,22.53,4480,24612
52,22,989.99,23.06,-165.84,22.53,4481,26011
52,22,989.99,23.06,-165.84,22.53,4482,27138
52,22,989.98,23.06,-165.82,22.53,4484,28535
52,22,989.99,23.07,-165.84,22.53,4485,29663
52,22,989.99,23.07,-165.84,22.53,4486,31062
52,22,989.98,23.07,-165.82,22.53,4487,32188
52,22,989.98,23.07,-165.82,22.53,4489,-31950
52,22,989.98,23.06,-165.80,22.53,4490,-30822
52,22,989.98,23.06,-165.82,22.53,4491,-29423
52,22,989.98,23.06,-165.81,22.53,4492,-28295
52,22,989.99,23.06,-165.84,22.53,4494,-26895
52,22,989.98,23.06,-165.81,22.53,4495,-25767
52,22,989.98,23.06,-165.80,22.53,4496,-24369
52,22,989.98,23.05,-165.77,22.52,4497,-23240
52,22,989.98,23.05,-165.77,22.52,4499,-21841
52,22,989.97,23.05,-165.73,22.52,4500,-20713
52,22,989.98,23.05,-165.75,22.52,4501,-19313
52,22,989.98,23.05,-165.76,22.52,4502,-18186
52,22,989.98,23.05,-165.79,22.52,4504,-16787
52,22,989.98,23.05,-165.81,22.52,4505,-15658
52,22,989.98,23.04,-165.80,22.52,4506,-14259
52,22,989.98,23.04,-165.79,22.52,4507,-13131
52,22,989.98,23.04,-165.77,22.52,4509,-11731
52,22,989.98,23.04,-165.77,22.52,4510,-10604
52,22,989.98,23.04,-165.79,22.52,4511,-9205
52,22,989.98,23.04,-165.80,22.52,4512,-8078
52,22,989.98,23.03,-165.79,22.51,4514,-6679
52,22,989.98,23.03,-165.80,22.51,4515,-5553
52,22,989.98,23.03,-165.83,22.51,4516,-4155
52,22,989.98,23.03,-165.83,22.51,4517,-3027
52,22,989.98,23.03,-165.83,22.51,4519,-1630
52,22,989.99,23.03,-165.86,22.51,4520,-502
52,22,989.99,23.03,-165.88,22.51,4521,894
52,22,989.99,23.03,-165.89,22.51,4523,2019
52,22,989.99,23.03,-165.86,22.51,4524,3416
52,22,989.99,23.03,-165.86,22.51,4525,4542
52,22,989.99,23.03,-165.89,22.51,4526,5940
52,22,989.99,23.03,-165.89,22.51,4528,7065
52,22,989.99,23.04,-165.89,22.52,4529,8462
52,22,989.99,23.04,-165.84,22.52,4530,9588
52,22,989.99,23.04,-165.86,22.52,4532,10986
52,22,989.98,23.04,-165.81,22.52,4533,12112
52,22,989.98,23.04,-165.79,22.52,4534,13510
52,22,989.98,23.04,-165.77,22.52,4535,14638
52,22,989.97,23.04,-165.74,22.52,4537,16035
52,22,989.98,23.04,-165.76,22.52,4538,17163
52,22,989.98,23.04,-165.77,22.52,4539,18562
52,22,989.98,23.04,-165.76,22.52,4540,19688
52,22,989.98,23.05,-165.75,22.52,4542,21086
52,22,989.98,23.05,-165.76,22.52,4543,22213
52,22,989.98,23.05,-165.76,22.52,4544,23612
52,22,989.97,23.05,-165.73,22.52,4545,24738
52,22,989.97,23.05,-165.73,22.52,4547,26136
52,22,989.97,23.05,-165.72,22.52,4548,27264
52,22,989.97,23.05,-165.73,22.52,4549,28661
52,22,989.97,23.05,-165.71,22.52,4550,29789
52,22,989.97,23.05,-165.69,22.52,4552,31187
52,22,989.97,23.05,-165.68,22.52,4553,32314
52,22,989.97,23.05,-165.68,22.52,4554,-31824
52,22,989.97,23.05,-165.68,22.52,4555,-30696
52,22,989.96,23.05,-165.64,22.52,4557,-29296
52,22,989.96,23.05,-165.63,22.52,4558,-28169
52,22,989.96,23.05,-165.62,22.52,4559,-26769
52,22,989.96,23.05,-165.62,22.52,4560,-25641
52,22,989.95,23.05,-165.57,22.52,4562,-24243
52,22,989.95,23.05,-165.57,22.52,4563,-23114
52,22,989.96,23.05,-165.62,22.52,4564,-21714
52,22,989.96,23.05,-165.59,22.52,4565,-20587
52,22,989.96,23.05,-165.59,22.52,4567,-19188
52,22,989.95,23.05,-165.57,22.52,4568,-18060
52,22,989.96,23.05,-165.59,22.52,4569,-16661
52,22,989.96,23.05,-165.59,22.52,4571,-15533
52,22,989.96,23.05,-165.59,22.52,4572,-14133
52,22,989.96,23.05,-165.59,22.52,4573,-13005
52,22,989.96,23.05,-165.60,22.52,4574,-11607
52,22,989.95,23.04,-165.57,22.52,4576,-10478
52,22,989.96,23.04,-165.58,22.52,4577,-9079
52,22,989.96,23.05,-165.63,22.52,4578,-7953
52,22,989.96,23.05,-165.66,22.52,4580,-6554
52,22,989.96,23.05,-165.64,22.52,4581,-5428
52,22,989.97,23.05,-165.68,22.52,4582,-4030
52,22,989.96,23.05,-165.66,22.52,4583,-2903
52,22,989.97,23.05,-165.69,22.52,4585,-1504
52,22,989.97,23.05,-165.68,22.52,4586,-377
52,22,989.97,23.05,-165.68,22.52,4587,1019
52,22,989.97,23.05,-165.66,22.52,4588,2146
52,22,989.97,23.05,-165.66,22.52,4590,3544
52,22,989.97,23.05,-165.66,22.52,4591,4669
52,22,989.96,23.05,-165.65,22.52,4592,6066
52,22,989.96,23.05,-165.62,22.52,4593,7192
52,22,989.96,23.05,-165.62,22.52,4595,8590
52,22,989.96,23.05,-165.62,22.52,4596,9715
52,22,989.96,23.05,-165.63,22.52,4597,11112
52,22,989.96,23.05,-165.60,22.52,4598,12239
52,22,989.96,23.05,-165.62,22.52,4600,13637
52,22,989.96,23.05,-165.63,22.52,4601,14764
52,22,989.96,23.05,-165.62,22.52,4602,16161
52,22,989.95,23.05,-165.57,22.52,4603,17289
52,22,989.95,23.05,-165.55,22.52,4605,18686
52,22,989.95,23.05,-165.55,22.52,4606,19814
52,22,989.95,23.04,-165.57,22.52,4607,21213
52,22,989.95,23.04,-165.55,22.52,4608,22339
52,22,989.96,23.04,-165.58,22.52,4610,23737
52,22,989.96,23.04,-165.60,22.52,4611,24864
52,22,989.96,23.04,-165.64,22.52,4612,26263
52,22,989.96,23.04,-165.65,22.52,4613,27389
52,22,989.96,23.04,-165.65,22.52,4615,28787
52,22,989.97,23.04,-165.70,22.52,4616,29915
51,22,989.97,23.04,-165.71,22.52,4617,31313
51,22,989.97,23.04,-165.71,22.52,4618,32440
51,22,989.97,23.04,-165.68,22.52,4620,-31697
51,22,989.97,23.04,-165.70,22.52,4621,-30570
51,22,989.97,23.03,-165.70,22.51,4622,-29171
51,22,989.97,23.03,-165.71,22.51,4624,-28043
51,22,989.97,23.03,-165.70,22.51,4625,-26644
51,22,989.97,23.03,-165.68,22.51,4626,-25517
51,22,989.97,23.03,-165.71,22.51,4627,-24117
51,22,989.97,23.03,-165.71,22.51,4629,-22989
51,22,989.97,23.03,-165.68,22.51,4630,-21591
51,22,989.97,23.03,-165.70,22.51,4631,-20462
51,22,989.97,23.02,-165.68,22.51,4633,-19063
51,22,989.97,23.02,-165.66,22.51,4634,-17936
51,22,989.97,23.02,-165.66,22.51,4635,-16536
51,22,989.97,23.02,-165.66,22.51,4636,-15409
51,22,989.96,23.02,-165.65,22.51,4638,-14010
51,22,989.96,23.02,-165.59,22.51,4639,-12881
51,22,989.95,23.02,-165.53,22.51,4640,-11483
51,22,989.95,23.02,-165.53,22.51,4641,-10354
51,22,989.95,23.01,-165.53,22.51,4643,-8954
51,22,989.95,23.01,-165.58,22.51,4644,-7828
51,22,989.96,23.01,-165.60,22.51,4645,-6430
51,22,989.96,23.01,-165.63,22.51,4646,-5303
51,22,989.96,23.01,-165.60,22.51,4648,-3904
51,22,989.96,23.01,-165.60,22.51,4649,-2778
51,22,989.96,23.01,-165.61,22.51,4650,-1379
51,22,989.96,23.01,-165.59,22.51,4651,-252
51,22,989.96,23.01,-165.59,22.51,4653,1144
51,22,989.96,23.00,-165.58,22.50,4654,2271
51,22,989.96,23.00,-165.61,22.50,4655,3668
51,22,989.96,23.00,-165.58,22.50,4656,4794
51,22,989.96,23.00,-165.58,22.50,4658,6191
51,22,989.96,23.00,-165.60,22.50,4659,7317
51,22,989.96,23.00,-165.61,22.50,4660,8714
51,22,989.96,23.00,-165.60,22.50,4661,9839
51,22,989.95,23.00,-165.56,22.50,4663,11236
51,22,989.95,23.00,-165.55,22.50,4664,12363
51,22,989.95,23.00,-165.54,22.50,4665,13761
51,22,989.95,22.99,-165.55,22.49,4666,14888
51,22,989.95,22.99,-165.53,22.49,4668,16287
51,22,989.95,22.99,-165.53,22.49,4669,17414
51,22,989.95,22.99,-165.55,22.49,4670,18811
51,22,989.95,22.98,-165.56,22.49,4672,19939
51,22,989.95,22.98,-165.54,22.49,4673,21337
51,22,989.95,22.98,-165.52,22.49,4674,22464
51,22,989.95,22.98,-165.50,22.49,4675,23863
51,22,989.95,22.98,-165.50,22.49,4677,24989
51,22,989.94,22.97,-165.46,22.49,4678,26387
51,22,989.94,22.97,-165.46,22.49,4679,27514
51,22,989.94,22.97,-165.48,22.49,4681,28913
51,22,989.94,22.97,-165.46,22.49,4682,30040
51,22,989.94,22.97,-165.45,22.49,4683,31437
51,22,989.94,22.97,-165.45,22.49,4684,32565
51,22,989.94,22.96,-165.43,22.48,4686,-31573
51,22,989.94,22.96,-165.46,22.48,4687,-30445
51,22,989.95,22.96,-165.51,22.48,4688,-29045
51,22,989.95,22.96,-165.49,22.48,4689,-27918
51,22,989.94,22.96,-165.48,22.48,4691,-26519
51,22,989.95,22.96,-165.49,22.48,4692,-25391
52,22,989.94,22.96,-165.46,22.48,4693,-23992
52,22,989.94,22.96,-165.46,22.48,4694,-22863
52,22,989.95,22.96,-165.51,22.48,4696,-21464
52,22,989.94,22.95,-165.46,22.48,4697,-20336
52,22,989.94,22.95,-165.46,22.48,4698,-18937
52,22,989.94,22.95,-165.44,22.48,4699,-17809
52,22,989.94,22.95,-165.44,22.48,4701,-16409
52,22,989.95,22.95,-165.50,22.48,4702,-15282
52,22,989.95,22.95,-165.52,22.48,4703,-13883
52,22,989.95,22.95,-165.50,22.48,4704,-12754
52,22,989.94,22.95,-165.49,22.48,4706,-11356
52,22,989.94,22.95,-165.47,22.48,4707,-10227
52,22,989.94,22.95,-165.47,22.48,4708,-8827
52,22,989.94,22.95,-165.49,22.48,4709,-7701
52,22,989.94,22.95,-165.45,22.48,4711,-6303
52,22,989.94,22.95,-165.44,22.48,4712,-5176
52,22,989.94,22.95,-165.47,22.48,4713,-3778
52,22,989.94,22.95,-165.44,22.48,4714,-2652
52,22,989.94,22.95,-165.41,22.48,4716,-1253
52,22,989.93,22.94,-165.35,22.47,4717,-126
52,22,989.93,22.94,-165.35,22.47,4718,1270
52,22,989.93,22.94,-165.34,22.47,4720,2397
52,22,989.92,22.94,-165.31,22.47,4721,3794
52,22,989.92,22.94,-165.30,22.47,4722,4920
52,22,989.92,22.94,-165.30,22.47,4723,6317
52,22,989.92,22.94,-165.28,22.47,4725,7443
52,22,989.92,22.94,-165.31,22.47,4726,8841
52,22,989.92,22.93,-165.29,22.47,4727,9966
52,22,989.93,22.93,-165.32,22.47,4728,11363
52,22,989.92,22.93,-165.31,22.47,4730,12490
52,22,989.93,22.93,-165.33,22.47,4731,13888
52,22,989.93,22.93,-165.35,22.47,4732,15043
52,22,989.93,22.93,-165.36,22.47,4734,16442
52,22,989.93,22.93,-165.38,22.47,4735,17568
52,22,989.93,22.93,-165.40,22.47,4736,18966
52,22,989.93,22.93,-165.40,22.47,4737,20093
52,22,989.93,22.93,-165.38,22.47,4739,21491
52,22,989.93,22.93,-165.33,22.47,4740,22619
52,22,989.93,22.93,-165.36,22.47,4741,24017
52,22,989.93,22.93,-165.36,22.47,4742,25144
52,22,989.93,22.93,-165.36,22.47,4744,26542
52,22,989.93,22.93,-165.35,22.47,4745,27669
52,22,989.93,22.93,-165.36,22.47,4746,29068
52,22,989.93,22.93,-165.35,22.47,4747,30194
52,22,989.93,22.93,-165.32,22.47,4749,31592
52,22,989.93,22.93,-165.32,22.47,4750,32719
52,22,989.92,22.93,-165.31,22.47,4751,-31419
52,22,989.92,22.93,-165.32,22.47,4752,-30290
52,22,989.92,22.93,-165.32,22.47,4754,-28891
52,22,989.93,22.93,-165.33,22.47,4755,-27763
52,22,989.92,22.93,-165.32,22.47,4756,-26364
52,22,989.92,22.93,-165.31,22.47,4757,-25236
52,22,989.92,22.93,-165.32,22.47,4759,-23837
52,22,989.92,22.93,-165.32,22.47,4760,-22710
52,22,989.92,22.93,-165.32,22.47,4761,-21310
52,22,989.92,22.92,-165.27,22.46,4762,-20183
52,22,989.92,22.92,-165.30,22.46,4764,-18784
52,22,989.92,22.92,-165.30,22.46,4765,-17655
52,22,989.92,22.92,-165.32,22.46,4766,-16255
52,22,989.92,22.92,-165.27,22.46,4768,-15128
52,22,989.92,22.92,-165.26,22.46,4769,-13729
52,22,989.92,22.92,-165.26,22.46,4770,-12601
52,22,989.92,22.92,-165.25,22.46,4771,-11202
52,22,989.92,22.92,-165.27,22.46,4773,-10074
52,22,989.92,22.91,-165.27,22.45,4774,-8674
52,22,989.92,22.91,-165.28,22.45,4775,-7547
52,22,989.92,22.91,-165.28,22.45,4777,-6150
52,22,989.92,22.91,-165.27,22.45,4778,-5022
52,22,989.92,22.91,-165.30,22.45,4779,-3623
52,22,989.92,22.91,-165.25,22.45,4780,-2497
52,22,989.92,22.91,-165.25,22.45,4782,-1099
52,22,989.92,22.91,-165.25,22.45,4783,28
52,22,989.92,22.91,-165.30,22.45,4784,1423
52,22,989.92,22.91,-165.30,22.45,4785,2549
52,22,989.92,22.90,-165.26,22.45,4787,3947
52,22,989.92,22.90,-165.25,22.45,4788,5072
52,22,989.92,22.90,-165.25,22.45,4789,6469
52,22,989.92,22.90,-165.24,22.45,4790,7596
52,22,989.92,22.90,-165.24,22.45,4792,8993
52,22,989.91,22.90,-165.23,22.45,4793,10119
52,22,989.91,22.89,-165.21,22.44,4794,11516
52,22,989.91,22.89,-165.21,22.44,4795,12644
52,22,989.91,22.89,-165.23,22.44,4797,14042
52,22,989.91,22.89,-165.23,22.44,4798,15168
52,22,989.91,22.89,-165.21,22.44,4799,16567
52,22,989.91,22.89,-165.21,22.44,4800,17693
52,22,989.91,22.89,-165.19,22.44,4802,19091
52,22,989.91,22.89,-165.21,22.44,4803,20218
52,22,989.91,22.89,-165.21,22.44,4804,21617
52,22,989.91,22.89,-165.21,22.44,4805,22744
52,22,989.91,22.89,-165.19,22.44,4807,24141
52,22,989.91,22.89,-165.22,22.44,4808,25269
52,22,989.91,22.89,-165.23,22.44,4809,26667
52,22,989.91,22.89,-165.22,22.44,4810,27793
52,22,989.91,22.89,-165.22,22.44,4812,29192
52,22,989.91,22.89,-165.22,22.44,4813,30318
52,22,989.91,22.89,-165.21,22.44,4814,31716
52,22,989.91,22.89,-165.21,22.44,4816,-32693
52,22,989.91,22.89,-165.21,22.44,4817,-31293
52,22,989.91,22.89,-165.16,22.44,4818,-30165
52,22,989.91,22.89,-165.16,22.44,4819,-28767
52,22,989.91,22.89,-165.16,22.44,4821,-27638
52,22,989.91,22.89,-165.15,22.44,4822,-26239
52,22,989.91,22.89,-165.15,22.44,4823,-25111
52,22,989.91,22.89,-165.18,22.44,4824,-23711
52,22,989.91,22.88,-165.20,22.44,4826,-22584
52,22,989.91,22.88,-165.18,22.44,4827,-21185
52,22,989.91,22.88,-165.19,22.44,4828,-20057
52,22,989.91,22.88,-165.19,22.44,4830,-18657
52,22,989.91,22.88,-165.18,22.44,4831,-17529
52,22,989.91,22.88,-165.18,22.44,4832,-16131
52,22,989.91,22.88,-165.18,22.44,4833,-15002
52,22,989.91,22.88,-165.15,22.44,4835,-13603
52,22,989.91,22.87,-165.18,22.44,4836,-12476
52,22,989.91,22.87,-165.21,22.44,4837,-11077
52,22,989.91,22.87,-165.19,22.44,4838,-9949
52,22,989.91,22.87,-165.23,22.44,4840,-8551
52,22,989.91,22.87,-165.21,22.44,4841,-7423
52,22,989.91,22.87,-165.23,22.44,4842,-6025
52,22,989.91,22.87,-165.21,22.44,4843,-4898
52,22,989.91,22.87,-165.21,22.44,4845,-3501
52,22,989.91,22.87,-165.19,22.44,4846,-2373
52,22,989.91,22.87,-165.18,22.44,4847,-974
52,22,989.91,22.87,-165.18,22.44,4848,151
52,22,989.91,22.87,-165.18,22.44,4850,1547
52,22,989.91,22.87,-165.18,22.44,4851,2673
52,22,989.91,22.87,-165.19,22.44,4852,4071
52,22,989.91,22.87,-165.15,22.44,4853,5196
52,22,989.91,22.87,-165.17,22.44,4855,6593
52,22,989.91,22.87,-165.18,22.44,4856,7719
52,22,989.91,22.87,-165.18,22.44,4857,9117
52,22,989.91,22.87,-165.18,22.44,4858,10243
52,22,989.91,22.87,-165.18,22.44,4860,11640
52,22,989.91,22.87,-165.18,22.44,4861,12768
52,22,989.91,22.87,-165.17,22.44,4862,14167
52,22,989.91,22.87,-165.15,22.44,4863,15293
52,22,989.91,22.87,-165.15,22.44,4865,16691
52,22,989.91,22.87,-165.15,22.44,4866,17818
52,22,989.91,22.87,-165.15,22.44,4867,19217
52,22,989.91,22.87,-165.17,22.44,4869,20343
52,22,989.90,22.87,-165.14,22.44,4870,21741
52,22,989.90,22.87,-165.12,22.44,4871,22868
52,22,989.91,22.87,-165.15,22.44,4872,24266
52,22,989.90,22.87,-165.13,22.44,4874,25393
52,22,989.90,22.87,-165.12,22.44,4875,26790
52,22,989.91,22.88,-165.15,22.44,4876,27918
52,22,989.90,22.88,-165.13,22.44,4878,29316
52,22,989.90,22.88,-165.14,22.44,4879,30443
52,22,989.90,22.88,-165.14,22.44,4880,31842
52,22,989.90,22.88,-165.12,22.44,4881,-32568
52,22,989.90,22.88,-165.12,22.44,4883,-31169
52,22,989.90,22.88,-165.09,22.44,4884,-30041
52,22,989.90,22.88,-165.12,22.44,4885,-28641
52,22,989.90,22.88,-165.12,22.44,4886,-27513
52,22,989.90,22.88,-165.11,22.44,4888,-26115
52,22,989.90,22.88,-165.11,22.44,4889,-24986
52,22,989.90,22.88,-165.06,22.44,4890,-23586
52,22,989.90,22.88,-165.09,22.44,4891,-22459
52,22,989.90,22.88,-165.09,22.44,4893,-21060
52,22,989.90,22.88,-165.08,22.44,4894,-19932
52,22,989.89,22.88,-165.05,22.44,4895,-18532
52,22,989.89,22.88,-165.03,22.44,4896,-17404
52,22,989.89,22.87,-165.02,22.44,4898,-16006
52,22,989.89,22.87,-165.03,22.44,4899,-14877
52,22,989.89,22.87,-165.02,22.44,4900,-13477
52,22,989.89,22.87,-165.03,22.44,4901,-12350
52,22,989.89,22.87,-165.02,22.44,4903,-10951
52,22,989.89,22.86,-164.98,22.43,4904,-9823
52,22,989.89,22.86,-165.00,22.43,4905,-8425
52,22,989.89,22.86,-165.00,22.43,4906,-7298
52,22,989.88,22.86,-164.95,22.43,4908,-5901
52,22,989.88,22.86,-164.97,22.43,4909,-4773
52,22,989.89,22.86,-165.02,22.43,4910,-3376
52,22,989.89,22.86,-165.03,22.43,4911,-2248
52,22,989.89,22.86,-165.03,22.43,4913,-849
52,22,989.89,22.86,-165.01,22.43,4914,276
52,22,989.89,22.86,-165.03,22.43,4915,1672
52,22,989.89,22.86,-165.03,22.43,4917,2798
52,22,989.89,22.86,-165.04,22.43,4918,4194
52,22,989.89,22.86,-165.03,22.43,4919,5320
52,22,989.89,22.86,-165.05,22.43,4920,6717
52,22,989.89,22.86,-165.05,22.43,4922,7842
52,22,989.89,22.85,-165.02,22.42,4923,9239
52,22,989.89,22.85,-165.02,22.42,4924,10365
52,22,989.89,22.85,-165.02,22.42,4926,11763
52,22,989.89,22.85,-165.01,22.42,4927,12890
52,22,989.89,22.85,-164.99,22.42,4928,14287
52,22,989.89,22.85,-164.98,22.42,4929,15415
52,22,989.89,22.85,-164.99,22.42,4931,16813
52,22,989.89,22.85,-164.99,22.42,4932,17939
52,22,989.89,22.85,-164.98,22.42,4933,19337
52,22,989.88,22.85,-164.96,22.42,4934,20464
52,22,989.89,22.85,-164.98,22.42,4936,21862
52,22,989.89,22.85,-165.01,22.42,4937,22989
52,22,989.89,22.85,-164.98,22.42,4938,24386
52,22,989.89,22.85,-164.99,22.42,4939,25513
52,22,989.89,22.85,-164.98,22.42,4941,26911
52,22,989.89,22.85,-164.99,22.42,4942,28039
52,22,989.88,22.85,-164.96,22.42,4943,29435
52,22,989.88,22.84,-164.95,22.42,4944,30563
52,22,989.88,22.84,-164.95,22.42,4946,31961
52,22,989.88,22.84,-164.96,22.42,4947,-32448
52,22,989.88,22.84,-164.91,22.42,4948,-31049
52,22,989.88,22.84,-164.91,22.42,4949,-29921
52,22,989.88,22.84,-164.91,22.42,4951,-28522
52,22,989.88,22.84,-164.94,22.42,4952,-27394
52,21,989.88,22.84,-164.96,21.92,4953,-25994
52,21,989.88,22.84,-164.93,21.92,4954,-24866
52,22,989.88,22.84,-164.91,22.42,4956,-23468
52,22,989.88,22.84,-164.91,22.42,4957,-22339
52,22,989.87,22.84,-164.88,22.42,4958,-20939
52,22,989.88,22.84,-164.91,22.42,4959,-19812
52,22,989.88,22.83,-164.90,22.42,4961,-18413
52,22,989.88,22.83,-164.90,22.42,4962,-17285
52,22,989.88,22.83,-164.90,22.42,4963,-15885
52,22,989.87,22.83,-164.88,22.42,4965,-14757
52,22,989.87,22.83,-164.87,22.42,4966,-13359
52,22,989.87,22.83,-164.86,22.42,4967,-12230
52,22,989.87,22.83,-164.86,22.42,4968,-10831
52,22,989.87,22.83,-164.86,22.42,4970,-9703
52,22,989.87,22.83,-164.86,22.42,4971,-8306
52,22,989.87,22.83,-164.83,22.42,4972,-7179
52,22,989.87,22.83,-164.83,22.42,4973,-5781
52,22,989.87,22.83,-164.83,22.42,4975,-4654
52,22,989.87,22.83,-164.84,22.42,4976,-3256
52,22,989.87,22.83,-164.84,22.42,4977,-2128
52,22,989.87,22.83,-164.86,22.42,4979,-731
52,22,989.87,22.83,-164.83,22.42,4980,396
52,22,989.87,22.83,-164.86,22.42,4981,1790
52,22,989.87,22.83,-164.86,22.42,4982,2917
52,22,989.87,22.83,-164.86,22.42,4984,4314
52,22,989.87,22.83,-164.84,22.42,4985,5439
52,22,989.87,22.83,-164.84,22.42,4986,6836
52,22,989.87,22.83,-164.86,22.42,4987,7985
52,21,989.87,22.83,-164.86,21.92,4989,9382
52,21,989.87,22.83,-164.86,21.92,4990,10508
52,22,989.87,22.84,-164.83,22.42,4991,11906
52,22,989.87,22.84,-164.83,22.42,4992,13033
52,21,989.87,22.84,-164.86,21.92,4994,14432
52,21,989.87,22.84,-164.86,21.92,4995,15558
53,22,989.87,22.84,-164.84,22.42,4996,16956
53,22,989.87,22.84,-164.83,22.42,4997,18083
53,21,989.86,22.84,-164.78,21.92,4999,19482
53,21,989.86,22.84,-164.77,21.92,5000,20609
53,21,989.86,22.84,-164.72,21.92,5001,22007
53,21,989.85,22.84,-164.71,21.92,5002,23134
53,22,989.85,22.84,-164.69,22.42,5004,24531
53,22,989.85,22.84,-164.69,22.42,5005,25659
53,21,989.85,22.84,-164.68,21.92,5006,27058
53,21,989.85,22.84,-164.66,21.92,5007,28184
53,22,989.85,22.84,-164.71,22.42,5009,29583
53,22,989.85,22.84,-164.69,22.42,5010,30709
53,21,989.85,22.84,-164.69,21.92,5011,32107
53,21,989.85,22.84,-164.67,21.92,5013,-32302
53,22,989.84,22.84,-164.63,22.42,5014,-30902
53,22,989.85,22.84,-164.65,22.42,5015,-29774
53,21,989.84,22.84,-164.62,21.92,5016,-28375
53,21,989.84,22.84,-164.62,21.92,5018,-27247
53,22,989.84,22.84,-164.63,22.42,5019,-25848
53,22,989.84,22.84,-164.63,22.42,5020,-24720
52,22,989.84,22.84,-164.62,22.42,5021,-23320
52,22,989.84,22.84,-164.59,22.42,5023,-22193
52,22,989.84,22.85,-164.62,22.42,5024,-20794
52,22,989.83,22.84,-164.54,22.42,5025,-19665
52,21,989.83,22.85,-164.54,21.92,5027,-18266
52,21,989.83,22.85,-164.53,21.92,5028,-17138
52,21,989.83,22.85,-164.52,21.92,5029,-15738
52,21,989.83,22.85,-164.52,21.92,5030,-14611
52,22,989.83,22.85,-164.50,22.42,5032,-13212
52,22,989.83,22.85,-164.48,22.42,5033,-12084
52,21,989.83,22.85,-164.48,21.92,5034,-10684
52,21,989.83,22.85,-164.49,21.92,5035,-9556
52,21,989.83,22.85,-164.48,21.92,5037,-8159
52,21,989.83,22.85,-164.48,21.92,5038,-7031
52,21,989.82,22.85,-164.44,21.92,5039,-5634
52,21,989.83,22.85,-164.49,21.92,5040,-4507
52,21,989.83,22.85,-164.50,21.92,5042,-3108
52,21,989.83,22.85,-164.49,21.92,5043,-1982
52,21,989.82,22.85,-164.44,21.92,5044,-584
52,21,989.82,22.85,-164.44,21.92,5045,542
52,21,989.82,22.85,-164.44,21.92,5047,1939
52,21,989.82,22.85,-164.44,21.92,5048,3064
52,21,989.83,22.85,-164.48,21.92,5049,4461
52,21,989.82,22.84,-164.46,21.92,5050,5587
52,21,989.83,22.84,-164.47,21.92,5052,6985
52,21,989.82,22.84,-164.46,21.92,5053,8111
52,21,989.83,22.84,-164.47,21.92,5054,9507
52,21,989.83,22.84,-164.49,21.92,5055,10634
52,21,989.83,22.84,-164.50,21.92,5057,12032
52,21,989.83,22.84,-164.47,21.92,5058,13159
52,21,989.82,22.84,-164.46,21.92,5059,14558
52,21,989.82,22.84,-164.46,21.92,5060,15684
52,22,989.83,22.84,-164.49,22.42,5062,17082
52,22,989.83,22.84,-164.49,22.42,5063,18209
52,21,989.83,22.84,-164.49,21.92,5064,19608
52,21,989.83,22.84,-164.47,21.92,5066,20734
52,21,989.82,22.84,-164.44,21.92,5067,22132
52,21,989.82,22.84,-164.42,21.92,5068,23260
52,21,989.82,22.84,-164.40,21.92,5069,24657
52,21,989.82,22.84,-164.40,21.92,5071,25784
52,21,989.82,22.84,-164.40,21.92,5072,27183
52,21,989.82,22.84,-164.42,21.92,5073,28309
52,21,989.82,22.84,-164.42,21.92,5075,29707
52,21,989.82,22.84,-164.41,21.92,5076,30834
52,21,989.82,22.84,-164.40,21.92,5077,32233
52,21,989.82,22.84,-164.38,21.92,5078,-32177
52,21,989.82,22.84,-164.40,21.92,5080,-30778
52,21,989.81,22.84,-164.37,21.92,5081,-29649
52,21,989.81,22.84,-164.35,21.92,5082,-28251
52,21,989.81,22.84,-164.34,21.92,5083,-27122
52,21,989.81,22.84,-164.35,21.92,5085,-25722
52,21,989.81,22.84,-164.34,21.92,5086,-24595
52,22,989.81,22.84,-164.29,22.42,5087,-23196
52,22,989.81,22.84,-164.29,22.42,5088,-22068
52,22,989.80,22.84,-164.26,22.42,5090,-20668
52,22,989.80,22.84,-164.28,22.42,5091,-19540
52,21,989.80,22.84,-164.25,21.92,5092,-18142
52,21,989.80,22.84,-164.26,21.92,5093,-17013
52,21,989.80,22.84,-164.25,21.92,5095,-15614
52,21,989.80,22.83,-164.22,21.92,5096,-14487
52,21,989.80,22.83,-164.22,21.92,5097,-13087
52,21,989.80,22.83,-164.22,21.92,5098,-11960
52,21,989.80,22.83,-164.22,21.92,5100,-10561
52,21,989.80,22.83,-164.23,21.92,5101,-9433
52,22,989.80,22.83,-164.25,22.42,5102,-8034
52,22,989.80,22.83,-164.26,22.42,5103,-6907
52,21,989.80,22.83,-164.26,21.92,5105,-5510
52,21,989.80,22.83,-164.29,21.92,5106,-4382
52,21,989.80,22.83,-164.26,21.92,5107,-2984
52,21,989.80,22.83,-164.28,21.92,5108,-1858
52,21,989.80,22.83,-164.28,21.92,5110,-459
52,21,989.80,22.83,-164.28,21.92,5111,666
52,22,989.80,22.82,-164.26,22.41,5112,2062
52,22,989.81,22.82,-164.30,22.41,5114,3188
52,22,989.80,22.82,-164.27,22.41,5115,4585
52,22,989.80,22.82,-164.29,22.41,5116,5711
52,22,989.80,22.82,-164.27,22.41,5117,7108
52,22,989.80,22.82,-164.25,22.41,5119,8235
52,21,989.80,22.82,-164.25,21.91,5120,9631
52,21,989.80,22.82,-164.25,21.91,5121,10757
52,21,989.80,22.82,-164.25,21.91,5122,12154
52,21,989.80,22.82,-164.27,21.91,5124,13282
52,21,989.80,22.82,-164.25,21.91,5125,14681
52,21,989.80,22.82,-164.27,21.91,5126,15807
52,22,989.80,22.82,-164.29,22.41,5128,17205
52,22,989.81,22.82,-164.30,22.41,5129,18332
53,21,989.80,22.82,-164.29,21.91,5130,19730
53,21,989.80,22.82,-164.27,21.91,5131,20856
53,21,989.80,22.82,-164.27,21.91,5133,22255
53,21,989.80,22.83,-164.28,21.92,5134,23382
53,21,989.80,22.83,-164.26,21.92,5135,24779
53,21,989.80,22.83,-164.29,21.92,5136,25907
53,21,989.80,22.83,-164.28,21.92,5138,27304
53,21,989.80,22.83,-164.29,21.92,5139,28432
53,21,989.81,22.83,-164.32,21.92,5140,29831
53,21,989.80,22.83,-164.29,21.92,5141,30957
53,22,989.80,22.84,-164.29,22.42,5143,32355
53,22,989.80,22.84,-164.26,22.42,5144,-32054
53,22,989.80,22.84,-164.25,22.42,5145,-30654
53,22,989.79,22.84,-164.20,22.42,5146,-29527
53,21,989.80,22.84,-164.22,21.92,5148,-28127
53,21,989.79,22.84,-164.19,21.92,5149,-26999
53,21,989.79,22.84,-164.19,21.92,5150,-25600
53,21,989.79,22.84,-164.14,21.92,5151,-24472
53,21,989.79,22.84,-164.14,21.92,5153,-23073
53,21,989.79,22.84,-164.16,21.92,5154,-21945
53,22,989.79,22.84,-164.14,22.42,5155,-20545
53,22,989.79,22.84,-164.16,22.42,5156,-19418
53,22,989.79,22.84,-164.18,22.42,5158,-18019
53,22,989.79,22.84,-164.18,22.42,5159,-16890
52,21,989.79,22.84,-164.18,21.92,5160,-15492
52,21,989.79,22.84,-164.16,21.92,5162,-14363
53,21,989.79,22.84,-164.14,21.92,5163,-12963
53,21,989.79,22.84,-164.13,21.92,5164,-11836
53,21,989.79,22.84,-164.18,21.92,5165,-10437
53,21,989.79,22.84,-164.18,21.92,5167,-9309
53,21,989.79,22.84,-164.14,21.92,5168,-7911
53,21,989.78,22.84,-164.12,21.92,5169,-6783
53,21,989.78,22.84,-164.09,21.92,5170,-5385
53,21,989.78,22.84,-164.10,21.92,5172,-4258
53,21,989.78,22.84,-164.09,21.92,5173,-2861
53,21,989.78,22.84,-164.05,21.92,5174,-1733
53,21,989.77,22.84,-164.03,21.92,5176,-335
53,21,989.78,22.84,-164.06,21.92,5177,791
53,22,989.77,22.84,-164.03,22.42,5178,2188
53,22,989.77,22.84,-164.03,22.42,5179,3313
53,22,989.78,22.85,-164.04,22.42,5181,4710
53,22,989.78,22.85,-164.06,22.42,5182,5836
53,21,989.77,22.85,-164.03,21.92,5183,7233
53,21,989.77,22.85,-164.03,21.92,5184,8358
53,21,989.77,22.85,-164.00,21.92,5186,9756
53,21,989.77,22.85,-164.03,21.92,5187,10882
53,21,989.77,22.85,-164.03,21.92,5188,12279
53,21,989.77,22.84,-164.01,21.92,5189,13407
53,21,989.78,22.84,-164.04,21.92,5191,14804
53,21,989.78,22.84,-164.06,21.92,5192,15932
53,21,989.78,22.84,-164.05,21.92,5193,17331
53,21,989.78,22.84,-164.07,21.92,5194,18457
53,21,989.78,22.84,-164.05,21.92,5196,19855
53,21,989.78,22.84,-164.04,21.92,5197,20982
53,21,989.78,22.84,-164.04,21.92,5198,22380
53,21,989.78,22.84,-164.05,21.92,5199,23507
53,21,989.78,22.84,-164.07,21.92,5201,24906
53,21,989.78,22.84,-164.07,21.92,5202,26033
53,22,989.78,22.83,-164.04,22.42,5203,27430
53,22,989.78,22.84,-164.07,22.42,5204,28558
52,21,989.78,22.83,-164.05,21.92,5206,29956
52,21,989.78,22.83,-164.05,21.92,5207,31083
52,21,989.78,22.83,-164.07,21.92,5208,32481
52,21,989.78,22.83,-164.09,21.92,5209,-31929
52,21,989.78,22.83,-164.10,21.92,5211,-30530
52,21,989.78,22.83,-164.10,21.92,5212,-29402
52,21,989.78,22.83,-164.07,21.92,5213,-28002
52,21,989.78,22.83,-164.05,21.92,5215,-26874
52,21,989.78,22.84,-164.07,21.92,5216,-25474
52,21,989.78,22.84,-164.07,21.92,5217,-24345
52,21,989.78,22.84,-164.05,21.92,5218,-22946
52,21,989.77,22.84,-164.00,21.92,5220,-21818
52,21,989.77,22.84,-164.00,21.92,5221,-20418
52,21,989.77,22.84,-164.00,21.92,5222,-19291
52,21,989.77,22.84,-164.01,21.92,5224,-17892
52,21,989.77,22.84,-164.01,21.92,5225,-16763
52,21,989.77,22.84,-164.01,21.92,5226,-15364
52,21,989.77,22.84,-164.00,21.92,5227,-14236
52,21,989.77,22.83,-163.98,21.92,5229,-12837
52,21,989.77,22.83,-163.96,21.92,5230,-11709
52,21,989.77,22.83,-164.00,21.92,5231,-10310
52,21,989.77,22.83,-163.98,21.92,5232,-9182
52,21,989.77,22.83,-164.00,21.92,5234,-7783
52,21,989.77,22.83,-164.01,21.92,5235,-6656
52,21,989.77,22.83,-164.02,21.92,5236,-5259
52,21,989.78,22.83,-164.07,21.92,5237,-4131
52,21,989.78,22.83,-164.05,21.92,5239,-2734
52,21,989.78,22.83,-164.07,21.92,5240,-1607
52,21,989.78,22.83,-164.05,21.92,5241,-208
52,21,989.78,22.83,-164.07,21.92,5242,917
52,21,989.78,22.83,-164.04,21.92,5244,2313
52,21,989.78,22.83,-164.04,21.92,5245,3439
52,21,989.77,22.83,-164.02,21.92,5246,4837
52,21,989.78,22.83,-164.04,21.92,5247,5962
52,21,989.78,22.83,-164.05,21.92,5249,7359
52,21,989.78,22.83,-164.04,21.92,5250,8485
52,21,989.78,22.83,-164.04,21.92,5251,9883
52,21,989.78,22.83,-164.04,21.92,5252,11009
52,21,989.78,22.83,-164.04,21.92,5254,12406
52,21,989.77,22.83,-164.01,21.92,5255,13534
52,21,989.77,22.83,-163.98,21.92,5256,14931
52,21,989.77,22.83,-163.95,21.92,5257,16059
52,21,989.76,22.83,-163.93,21.92,5259,17458
52,21,989.76,22.83,-163.92,21.92,5260,18584
52,21,989.76,22.83,-163.93,21.92,5261,19982
52,21,989.77,22.83,-163.96,21.92,5263,21109
52,21,989.77,22.83,-164.00,21.92,5264,22508
52,21,989.77,22.83,-163.96,21.92,5265,23634
52,21,989.77,22.83,-163.96,21.92,5266,25032
52,21,989.77,22.83,-163.95,21.92,5268,26160
52,21,989.77,22.83,-164.00,21.92,5269,27557
52,21,989.77,22.83,-164.00,21.92,5270,28685
52,21,989.77,22.83,-163.98,21.92,5272,30084
52,21,989.77,22.83,-164.00,21.92,5273,31238
52,21,989.77,22.83,-163.96,21.92,5274,32636
52,21,989.77,22.83,-164.00,21.92,5275,-31773
52,21,989.77,22.83,-164.02,21.92,5277,-30374
52,21,989.78,22.83,-164.04,21.92,5278,-29246
52,21,989.78,22.83,-164.05,21.92,5279,-27846
52,21,989.77,22.82,-164.02,21.91,5280,-26719
52,21,989.78,22.82,-164.05,21.91,5282,-25320
52,21,989.78,22.82,-164.05,21.91,5283,-24191
52,21,989.77,22.82,-164.02,21.91,5284,-22793
52,21,989.77,22.82,-164.03,21.91,5285,-21664
52,21,989.78,22.82,-164.06,21.91,5287,-20264
52,21,989.78,22.82,-164.06,21.91,5288,-19137
52,21,989.78,22.82,-164.06,21.91,5289,-17738
52,21,989.78,22.82,-164.10,21.91,5290,-16610
52,21,989.79,22.82,-164.14,21.91,5292,-15211
52,21,989.78,22.82,-164.12,21.91,5293,-14083
52,21,989.78,22.82,-164.12,21.91,5294,-12683
52,21,989.78,22.82,-164.12,21.91,5295,-11555
52,21,989.79,22.82,-164.14,21.91,5297,-10157
52,21,989.78,22.81,-164.11,21.90,5298,-9028
52,21,989.78,22.81,-164.09,21.90,5299,-7629
52,21,989.78,22.81,-164.06,21.90,5300,-6503
52,21,989.78,22.81,-164.07,21.90,5302,-5105
52,21,989.78,22.81,-164.06,21.90,5303,-3978
52,21,989.78,22.81,-164.11,21.90,5304,-2580
52,21,989.78,22.81,-164.11,21.90,5306,-1453
53,21,989.78,22.81,-164.12,21.90,5307,-54
53,21,989.78,22.81,-164.11,21.90,5308,1071
52,21,989.78,22.81,-164.12,21.90,5309,2467
52,21,989.78,22.81,-164.11,21.90,5311,3594
53,21,989.78,22.81,-164.09,21.90,5312,4990
53,21,989.78,22.81,-164.07,21.90,5313,6117
53,21,989.78,22.81,-164.11,21.90,5314,7514
53,21,989.78,22.81,-164.07,21.90,5316,8639
53,21,989.78,22.81,-164.04,21.90,5317,10036
53,21,989.77,22.81,-164.02,21.90,5318,11163
53,21,989.78,22.82,-164.05,21.91,5320,12561
53,21,989.78,22.82,-164.06,21.91,5321,13688
53,21,989.78,22.82,-164.06,21.91,5322,15087
53,21,989.78,22.82,-164.10,21.91,5323,16214
53,21,989.78,22.82,-164.11,21.91,5325,17611
53,21,989.78,22.82,-164.11,21.91,5326,18739
53,21,989.78,22.82,-164.12,21.91,5327,20136
53,21,989.78,22.82,-164.11,21.91,5328,21264
53,21,989.79,22.82,-164.15,21.91,5330,22663
53,21,989.79,22.82,-164.15,21.91,5331,23789
53,21,989.79,22.82,-164.16,21.91,5332,25187
53,21,989.79,22.82,-164.18,21.91,5333,26314
53,21,989.79,22.82,-164.15,21.91,5335,27712
53,21,989.79,22.82,-164.20,21.91,5336,28839
53,21,989.80,22.82,-164.21,21.91,5337,30238
53,21,989.80,22.82,-164.23,21.91,5338,31365
53,21,989.80,22.82,-164.23,21.91,5340,32763
53,21,989.80,22.82,-164.23,21.91,5341,-31646
53,21,989.79,22.82,-164.20,21.91,5342,-30247
53,21,989.79,22.82,-164.20,21.91,5343,-29119
53,21,989.79,22.82,-164.16,21.91,5345,-27720
53,21,989.79,22.82,-164.16,21.91,5346,-26592
53,21,989.80,22.82,-164.21,21.91,5347,-25192
53,21,989.80,22.82,-164.21,21.91,5348,-24064
53,21,989.79,22.82,-164.18,21.91,5350,-22666
53,21,989.80,22.82,-164.21,21.91,5351,-21537
53,21,989.79,22.82,-164.16,21.91,5352,-20138
53,21,989.79,22.82,-164.16,21.91,5353,-19010
53,21,989.79,22.82,-164.15,21.91,5355,-17610
53,21,989.79,22.82,-164.15,21.91,5356,-16483
53,21,989.79,22.82,-164.15,21.91,5357,-15083
53,21,989.79,22.82,-164.16,21.91,5359,-13956
53,21,989.79,22.82,-164.16,21.91,5360,-12557
53,21,989.79,22.82,-164.16,21.91,5361,-11428
53,21,989.79,22.82,-164.16,21.91,5362,-10030
53,21,989.79,22.82,-164.16,21.91,5364,-8901
53,21,989.79,22.82,-164.15,21.91,5365,-7502
53,21,989.79,22.82,-164.15,21.91,5366,-6376
53,21,989.79,22.82,-164.16,21.91,5368,-4978
53,21,989.79,22.82,-164.18,21.91,5369,-3851
53,21,989.79,22.82,-164.14,21.91,5370,-2453
53,21,989.78,22.82,-164.10,21.91,5371,-1326
53,21,989.79,22.82,-164.14,21.91,5373,73
53,21,989.78,22.82,-164.11,21.91,5374,1197
53,21,989.79,22.82,-164.12,21.91,5375,2593
53,21,989.79,22.82,-164.14,21.91,5376,3720
53,21,989.79,22.82,-164.18,21.91,5378,5116
53,21,989.79,22.82,-164.20,21.91,5379,6243
53,21,989.79,22.82,-164.20,21.91,5380,7641
53,21,989.79,22.81,-164.20,21.90,5381,8766
53,21,989.79,22.81,-164.20,21.90,5383,10163
53,21,989.79,22.81,-164.19,21.90,5384,11296
53,21,989.80,22.81,-164.24,21.90,5385,12694
53,21,989.80,22.81,-164.24,21.90,5386,13821
53,21,989.80,22.81,-164.28,21.90,5388,15220
53,21,989.80,22.80,-164.28,21.90,5389,16347
53,21,989.80,22.80,-164.26,21.90,5390,17744
53,21,989.80,22.80,-164.28,21.90,5391,18872
53,21,989.80,22.80,-164.26,21.90,5393,20270
53,21,989.80,22.80,-164.23,21.90,5394,21397
53,21,989.80,22.80,-164.23,21.90,5395,22796
53,21,989.79,22.79,-164.20,21.90,5396,23922
53,22,989.80,22.79,-164.23,22.40,5398,25320
53,22,989.80,22.79,-164.25,22.40,5399,26447
53,21,989.80,22.79,-164.29,21.90,5400,27845
53,21,989.81,22.79,-164.31,21.90,5401,28973
53,21,989.80,22.79,-164.28,21.90,5403,30371
53,21,989.80,22.79,-164.28,21.90,5404,31498
53,21,989.80,22.79,-164.22,21.90,5405,-32640
53,21,989.80,22.79,-164.28,21.90,5407,-31512
53,21,989.80,22.79,-164.24,21.90,5408,-30113
53,21,989.80,22.79,-164.26,21.90,5409,-28985
53,21,989.80,22.79,-164.26,21.90,5410,-27585
53,21,989.80,22.79,-164.29,21.90,5412,-26458
53,21,989.80,22.79,-164.28,21.90,5413,-25058
53,21,989.80,22.79,-164.26,21.90,5414,-23930
53,21,989.80,22.79,-164.28,21.90,5415,-22532
53,21,989.80,22.78,-164.24,21.89,5417,-21403
53,22,989.80,22.78,-164.24,22.39,5418,-20004
53,22,989.80,22.78,-164.21,22.39,5419,-18876
53,21,989.80,22.78,-164.24,21.89,5421,-17476
53,21,989.80,22.78,-164.28,21.89,5422,-16349
53,21,989.80,22.78,-164.28,21.89,5423,-14950
53,21,989.81,22.78,-164.30,21.89,5424,-13821
53,21,989.80,22.78,-164.29,21.89,5426,-12423
53,21,989.80,22.78,-164.26,21.89,5427,-11294
53,21,989.80,22.78,-164.28,21.89,5428,-9894
53,21,989.80,22.78,-164.28,21.89,5429,-8768
53,21,989.80,22.78,-164.26,21.89,5431,-7369
53,21,989.80,22.78,-164.26,21.89,5432,-6243
53,21,989.80,22.78,-164.23,21.89,5433,-4845
53,21,989.80,22.78,-164.27,21.89,5434,-3718
53,21,989.80,22.78,-164.27,21.89,5436,-2320
53,21,989.80,22.78,-164.29,21.89,5437,-1193
53,21,989.80,22.78,-164.27,21.89,5438,205
53,21,989.80,22.78,-164.26,21.89,5439,1330
53,21,989.80,22.78,-164.23,21.89,5441,2726
53,21,989.80,22.78,-164.24,21.89,5442,3853
53,21,989.80,22.78,-164.23,21.89,5443,5250
53,21,989.80,22.78,-164.24,21.89,5444,6375
53,21,989.80,22.78,-164.26,21.89,5446,7773
53,21,989.80,22.79,-164.28,21.90,5447,8898
53,21,989.80,22.79,-164.24,21.90,5448,10295
53,21,989.80,22.79,-164.28,21.90,5449,11422
53,22,989.80,22.79,-164.28,22.40,5451,12821
53,22,989.80,22.79,-164.28,22.40,5452,13947
53,21,989.81,22.79,-164.30,21.90,5453,15346
53,21,989.81,22.79,-164.32,21.90,5454,16473
53,21,989.80,22.79,-164.29,21.90,5456,17870
53,21,989.80,22.79,-164.29,21.90,5457,18998
53,21,989.81,22.79,-164.30,21.90,5458,20396
53,21,989.80,22.79,-164.29,21.90,5460,21522
53,21,989.80,22.79,-164.24,21.90,5461,22921
53,21,989.80,22.79,-164.23,21.90,5462,24047
53,21,989.80,22.78,-164.21,21.89,5463,25445
53,21,989.80,22.79,-164.26,21.90,5465,26572
53,21,989.80,22.78,-164.24,21.89,5466,27970
53,21,989.80,22.79,-164.28,21.90,5467,29097
53,21,989.80,22.78,-164.26,21.89,5469,30496
53,21,989.80,22.78,-164.26,21.89,5470,31623
53,22,989.80,22.78,-164.24,22.39,5471,-32516
53,22,989.80,22.78,-164.26,22.39,5472,-31387
53,22,989.80,22.78,-164.25,22.39,5474,-29987
53,22,989.80,22.78,-164.24,22.39,5475,-28860
53,22,989.80,22.78,-164.24,22.39,5476,-27460
53,22,989.80,22.77,-164.23,22.39,5477,-26333
53,21,989.80,22.77,-164.24,21.89,5479,-24934
53,21,989.80,22.77,-164.22,21.89,5480,-23805
53,21,989.79,22.77,-164.20,21.89,5481,-22407
53,21,989.80,22.77,-164.21,21.89,5482,-21278
53,21,989.79,22.77,-164.19,21.89,5484,-19878
53,21,989.80,22.77,-164.21,21.89,5485,-18751
53,22,989.79,22.77,-164.18,22.39,5486,-17352
53,22,989.80,22.77,-164.21,22.39,5487,-16224
53,21,989.79,22.77,-164.20,21.89,5489,-14825
53,21,989.79,22.77,-164.20,21.89,5490,-13696
53,22,989.80,22.77,-164.21,22.39,5491,-12297
53,22,989.80,22.77,-164.22,22.39,5492,-11169
53,22,989.79,22.77,-164.19,22.39,5494,-9770
53,22,989.80,22.77,-164.21,22.39,5495,-8643
53,22,989.80,22.77,-164.24,22.39,5496,-7245
53,22,989.80,22.77,-164.24,22.39,5497,-6119
53,22,989.79,22.76,-164.21,22.38,5499,-4720
53,22,989.79,22.76,-164.19,22.38,5500,-3594
53,22,989.80,22.76,-164.22,22.38,5501,-2196
53,22,989.80,22.76,-164.23,22.38,5502,-1069
53,22,989.80,22.76,-164.25,22.38,5504,330
53,22,989.80,22.76,-164.26,22.38,5505,1455
53,22,989.80,22.76,-164.25,22.38,5506,2851
53,22,989.80,22.76,-164.26,22.38,5508,3978
53,22,989.80,22.76,-164.28,22.38,5509,5376
53,22,989.80,22.76,-164.26,22.38,5510,6501
53,22,989.80,22.76,-164.25,22.38,5511,7898
53,22,989.80,22.76,-164.25,22.38,5513,9024
53,22,989.80,22.76,-164.26,22.38,5514,10421
53,22,989.80,22.76,-164.25,22.38,5515,11548
53,22,989.80,22.76,-164.28,22.38,5517,12947
53,22,989.80,22.76,-164.28,22.38,5518,14073
53,22,989.80,22.75,-164.25,22.38,5519,15494
53,22,989.80,22.75,-164.23,22.38,5520,16621
53,22,989.80,22.75,-164.25,22.38,5522,18019
53,22,989.80,22.75,-164.26,22.38,5523,19146
53,22,989.80,22.75,-164.28,22.38,5524,20545
53,22,989.80,22.75,-164.29,22.38,5525,21671
53,22,989.80,22.75,-164.28,22.38,5527,23069
53,22,989.80,22.75,-164.28,22.38,5528,24197
53,22,989.80,22.75,-164.28,22.38,5529,25595
53,22,989.80,22.75,-164.28,22.38,5530,26722
53,22,989.80,22.75,-164.29,22.38,5532,28120
53,22,989.80,22.75,-164.29,22.38,5533,29247
53,22,989.80,22.75,-164.29,22.38,5534,30645
53,22,989.80,22.75,-164.29,22.38,5535,31772
53,22,989.81,22.75,-164.31,22.38,5537,-32365
53,22,989.80,22.75,-164.28,22.38,5538,-31238
53,22,989.81,22.75,-164.31,22.38,5539,-29839
53,22,989.80,22.75,-164.28,22.38,5540,-28710
53,22,989.80,22.75,-164.29,22.38,5542,-27312
53,22,989.80,22.75,-164.28,22.38,5543,-26183
53,22,989.80,22.75,-164.28,22.38,5544,-24783
53,22,989.80,22.75,-164.28,22.38,5545,-23656
53,22,989.80,22.75,-164.26,22.38,5547,-22257
53,22,989.80,22.75,-164.23,22.38,5548,-21129
53,22,989.80,22.75,-164.24,22.38,5549,-19729
53,22,989.80,22.74,-164.22,22.37,5550,-18601
53,22,989.80,22.74,-164.22,22.37,5552,-17202
53,22,989.80,22.74,-164.22,22.37,5553,-16074
53,22,989.80,22.74,-164.23,22.37,5554,-14675
53,22,989.80,22.74,-164.21,22.37,5556,-13547
53,22,989.80,22.74,-164.23,22.37,5557,-12147
53,22,989.80,22.74,-164.24,22.37,5558,-11020
53,22,989.80,22.74,-164.24,22.37,5559,-9621
53,22,989.80,22.74,-164.28,22.37,5561,-8494
53,22,989.80,22.74,-164.26,22.37,5562,-7096
53,22,989.80,22.74,-164.26,22.37,5563,-5968
53,22,989.80,22.74,-164.24,22.37,5565,-4570
53,22,989.80,22.74,-164.24,22.37,5566,-3443
53,22,989.80,22.74,-164.25,22.37,5567,-2045
53,22,989.80,22.74,-164.29,22.37,5568,-918
53,22,989.81,22.73,-164.30,22.36,5570,480
53,22,989.81,22.73,-164.30,22.36,5571,1604
53,22,989.81,22.73,-164.36,22.36,5572,3001
53,22,989.81,22.73,-164.32,22.36,5573,4127
53,22,989.81,22.73,-164.32,22.36,5575,5524
53,22,989.81,22.73,-164.34,22.36,5576,6649
53,22,989.81,22.73,-164.30,22.36,5577,8047
53,22,989.81,22.73,-164.30,22.36,5578,9172
53,22,989.80,22.73,-164.28,22.36,5580,10569
53,22,989.81,22.73,-164.30,22.36,5581,11697
53,22,989.80,22.73,-164.28,22.36,5582,13095
53,22,989.81,22.73,-164.30,22.36,5583,14222
53,22,989.81,22.73,-164.30,22.36,5585,15620
53,22,989.80,22.73,-164.28,22.36,5586,16747
53,22,989.80,22.73,-164.25,22.36,5587,18146
53,22,989.80,22.73,-164.28,22.36,5588,19272
53,22,989.80,22.73,-164.28,22.36,5590,20670
53,22,989.80,22.73,-164.26,22.36,5591,21797
53,22,989.81,22.73,-164.30,22.36,5592,23195
53,22,989.81,22.73,-164.30,22.36,5593,24323
53,22,989.81,22.73,-164.33,22.36,5595,25721
53,22,989.81,22.73,-164.31,22.36,5596,26848
53,22,989.81,22.73,-164.33,22.36,5597,28246
53,22,989.81,22.73,-164.33,22.36,5598,29373
53,22,989.81,22.73,-164.31,22.36,5600,30772
53,22,989.81,22.73,-164.30,22.36,5601,31898
53,22,989.80,22.73,-164.29,22.36,5602,-32239
53,22,989.81,22.73,-164.30,22.36,5604,-31112
53,22,989.81,22.73,-164.31,22.36,5605,-29713
53,22,989.81,22.73,-164.33,22.36,5606,-28584
53,22,989.81,22.73,-164.33,22.36,5607,-27185
53,22,989.81,22.73,-164.31,22.36,5609,-26057
53,22,989.81,22.73,-164.30,22.36,5610,-24658
53,22,989.81,22.73,-164.32,22.36,5611,-23530
53,22,989.81,22.73,-164.34,22.36,5613,-22131
53,22,989.81,22.73,-164.35,22.36,5614,-21003
53,22,989.81,22.73,-164.37,22.36,5615,-19603
53,22,989.81,22.73,-164.37,22.36,5616,-18476
53,22,989.81,22.73,-164.34,22.36,5618,-17077
53,22,989.81,22.73,-164.31,22.36,5619,-15948
53,22,989.81,22.73,-164.34,22.36,5620,-14549
53,22,989.81,22.73,-164.37,22.36,5621,-13422
53,22,989.81,22.73,-164.35,22.36,5623,-12022
53,22,989.81,22.73,-164.37,22.36,5624,-10895
53,22,989.81,22.73,-164.35,22.36,5625,-9496
53,22,989.81,22.73,-164.35,22.36,5626,-8369
53,22,989.81,22.73,-164.37,22.36,5628,-6970
53,22,989.81,22.73,-164.33,22.36,5629,-5843
53,22,989.81,22.73,-164.36,22.36,5630,-4446
53,22,989.81,22.73,-164.37,22.36,5631,-3318
53,22,989.81,22.73,-164.33,22.36,5633,-1920
53,22,989.81,22.73,-164.36,22.36,5634,-793
53,22,989.81,22.73,-164.33,22.36,5635,605
53,22,989.81,22.73,-164.33,22.36,5636,1729
53,22,989.81,22.73,-164.34,22.36,5638,3126
53,22,989.81,22.73,-164.30,22.36,5639,4252
53,22,989.81,22.73,-164.30,22.36,5640,5650
53,22,989.81,22.73,-164.30,22.36,5641,6775
53,22,989.80,22.73,-164.25,22.36,5643,8172
53,22,989.80,22.73,-164.25,22.36,5644,9298
53,22,989.80,22.73,-164.25,22.36,5645,10696
53,22,989.80,22.73,-164.27,22.36,5646,11823
53,22,989.81,22.73,-164.30,22.36,5648,13221
53,22,989.81,22.73,-164.30,22.36,5649,14348
53,22,989.81,22.73,-164.31,22.36,5650,15746
53,22,989.81,22.73,-164.31,22.36,5652,16873
53,22,989.81,22.74,-164.36,22.37,5653,18272
53,22,989.81,22.74,-164.34,22.37,5654,19398
53,22,989.81,22.74,-164.36,22.37,5655,20796
53,22,989.81,22.74,-164.36,22.37,5657,21923
53,22,989.81,22.74,-164.38,22.37,5658,23322
53,22,989.81,22.74,-164.36,22.37,5659,24449
53,22,989.81,22.74,-164.36,22.37,5660,25846
53,22,989.81,22.74,-164.38,22.37,5662,26974
53,22,989.81,22.74,-164.36,22.37,5663,28371
53,22,989.81,22.74,-164.38,22.37,5664,29499
53,22,989.81,22.74,-164.38,22.37,5666,30898
53,22,989.82,22.74,-164.39,22.37,5667,32024
53,22,989.82,22.74,-164.40,22.37,5668,-32114
53,22,989.82,22.74,-164.40,22.37,5669,-30986
53,22,989.82,22.74,-164.42,22.37,5671,-29587
53,22,989.82,22.74,-164.43,22.37,5672,-28460
53,22,989.82,22.74,-164.43,22.37,5673,-27060
53,22,989.82,22.74,-164.43,22.37,5674,-25932
53,22,989.81,22.74,-164.38,22.37,5676,-24533
53,22,989.81,22.74,-164.38,22.37,5677,-23405
53,22,989.82,22.74,-164.40,22.37,5678,-22005
53,22,989.82,22.74,-164.43,22.37,5679,-20878
53,22,989.82,22.74,-164.42,22.37,5681,-19479
53,22,989.82,22.74,-164.42,22.37,5682,-18351
53,22,989.82,22.74,-164.39,22.37,5683,-16952
53,22,989.82,22.74,-164.40,22.37,5684,-15823
53,22,989.81,22.73,-164.37,22.36,5686,-14424
53,22,989.81,22.73,-164.37,22.36,5687,-13296
53,22,989.82,22.73,-164.40,22.36,5688,-11897
53,22,989.82,22.73,-164.39,22.36,5689,-10769
53,22,989.82,22.73,-164.42,22.36,5691,-9370
53,22,989.82,22.73,-164.42,22.36,5692,-8243
53,22,989.82,22.73,-164.39,22.36,5693,-6844
53,22,989.82,22.73,-164.39,22.36,5694,-5717
53,22,989.82,22.73,-164.39,22.36,5696,-4320
53,22,989.82,22.73,-164.42,22.36,5697,-3192
53,22,989.82,22.73,-164.43,22.36,5698,-1794
53,22,989.82,22.73,-164.43,22.36,5700,-667
53,22,989.82,22.73,-164.40,22.36,5701,730
53,22,989.82,22.73,-164.40,22.36,5702,1855
53,22,989.81,22.73,-164.37,22.36,5703,3252
53,22,989.81,22.73,-164.37,22.36,5705,4377
53,22,989.82,22.73,-164.39,22.36,5706,5775
53,22,989.82,22.73,-164.43,22.36,5707,6900
53,22,989.81,22.73,-164.37,22.36,5708,8297
53,22,989.81,22.73,-164.37,22.36,5710,9423
53,21,989.81,22.73,-164.37,21.86,5711,10821
53,21,989.81,22.72,-164.37,21.86,5712,11948
53,21,989.82,22.72,-164.43,21.86,5714,13345
53,21,989.82,22.72,-164.44,21.86,5715,14473
53,22,989.83,22.72,-164.49,22.36,5716,15870
53,22,989.83,22.72,-164.52,22.36,5717,16998
53,21,989.83,22.72,-164.53,21.86,5719,18397
53,21,989.83,22.72,-164.53,21.86,5720,19523
53,22,989.83,22.72,-164.53,22.36,5721,20921
53,22,989.84,22.72,-164.56,22.36,5722,22048
53,22,989.84,22.72,-164.59,22.36,5724,23447
53,22,989.84,22.72,-164.59,22.36,5725,24573
53,22,989.84,22.72,-164.62,22.36,5726,25972
53,22,989.84,22.72,-164.56,22.36,5727,27099
53,22,989.84,22.72,-164.58,22.36,5729,28496
53,22,989.84,22.72,-164.58,22.36,5730,29624
53,21,989.84,22.72,-164.56,21.86,5731,31023
53,21,989.84,22.72,-164.58,21.86,5732,32149
53,21,989.83,22.72,-164.54,21.86,5734,-31988
53,21,989.83,22.72,-164.50,21.86,5735,-30861
53,22,989.83,22.72,-164.53,22.36,5736,-29462
53,22,989.83,22.72,-164.53,22.36,5737,-28334
53,22,989.83,22.72,-164.50,22.36,5739,-26934
53,22,989.83,22.71,-164.50,22.35,5740,-25806
53,22,989.83,22.71,-164.51,22.35,5741,-24408
53,22,989.83,22.71,-164.53,22.35,5742,-23279
53,22,989.83,22.71,-164.54,22.35,5744,-21880
53,22,989.83,22.71,-164.53,22.35,5745,-20752
53,21,989.83,22.71,-164.53,21.85,5746,-19352
53,21,989.83,22.71,-164.50,21.85,5747,-18225
53,22,989.83,22.71,-164.51,22.35,5749,-16826
53,22,989.83,22.71,-164.53,22.35,5750,-15697
53,22,989.83,22.71,-164.51,22.35,5751,-14299
53,22,989.83,22.71,-164.50,22.35,5753,-13170
53,22,989.83,22.71,-164.54,22.35,5754,-11770
53,22,989.83,22.71,-164.51,22.35,5755,-10643
53,22,989.83,22.71,-164.54,22.35,5756,-9244
53,22,989.84,22.71,-164.57,22.35,5758,-8117
53,22,989.84,22.71,-164.56,22.35,5759,-6718
53,22,989.84,22.71,-164.57,22.35,5760,-5592
53,22,989.84,22.70,-164.56,22.35,5762,-4194
53,22,989.83,22.70,-164.54,22.35,5763,-3066
53,22,989.84,22.70,-164.56,22.35,5764,-1669
53,22,989.84,22.70,-164.56,22.35,5765,-541
53,22,989.83,22.70,-164.54,22.35,5767,857
53,22,989.83,22.70,-164.49,22.35,5768,1981
53,22,989.83,22.70,-164.52,22.35,5769,3378
53,22,989.83,22.69,-164.52,22.35,5770,4504
53,22,989.83,22.69,-164.52,22.35,5772,5902
53,22,989.83,22.69,-164.55,22.35,5773,7027
53,22,989.83,22.69,-164.55,22.35,5774,8424
53,22,989.84,22.69,-164.57,22.35,5775,9550
53,22,989.84,22.69,-164.58,22.35,5777,10947
53,22,989.84,22.69,-164.59,22.35,5778,12075
53,22,989.84,22.69,-164.59,22.35,5779,13472
53,22,989.84,22.69,-164.59,22.35,5780,14599
53,22,989.84,22.69,-164.57,22.35,5782,15996
53,22,989.84,22.69,-164.57,22.35,5783,17124
53,22,989.84,22.69,-164.59,22.35,5784,18523
53,22,989.84,22.69,-164.59,22.35,5785,19649
53,22,989.84,22.69,-164.61,22.35,5787,21047
53,22,989.85,22.69,-164.64,22.35,5788,22174
53,22,989.85,22.69,-164.67,22.35,5789,23593
53,22,989.85,22.69,-164.67,22.35,5790,24720
53,22,989.85,22.69,-164.68,22.35,5792,26118
53,22,989.85,22.69,-164.68,22.35,5793,27245
53,22,989.85,22.69,-164.68,22.35,5794,28643
53,22,989.85,22.69,-164.67,22.35,5795,29770
53,22,989.85,22.69,-164.67,22.35,5797,31169
53,22,989.84,22.69,-164.62,22.35,5798,32295
53,22,989.84,22.69,-164.61,22.35,5799,-31843
53,22,989.84,22.69,-164.59,22.35,5801,-30714
53,22,989.84,22.69,-164.61,22.35,5802,-29315
53,22,989.84,22.69,-164.61,22.35,5803,-28187
53,22,989.84,22.69,-164.61,22.35,5804,-26788
53,22,989.85,22.69,-164.63,22.35,5806,-25660
53,22,989.85,22.69,-164.63,22.35,5807,-24261
53,22,989.84,22.69,-164.62,22.35,5808,-23133
53,22,989.85,22.69,-164.64,22.35,5810,-21733
53,22,989.84,22.69,-164.62,22.35,5811,-20605
53,22,989.84,22.69,-164.61,22.35,5812,-19207
53,22,989.85,22.70,-164.65,22.35,5813,-18078
53,22,989.84,22.70,-164.62,22.35,5815,-16679
53,22,989.84,22.70,-164.62,22.35,5816,-15551
53,22,989.84,22.70,-164.62,22.35,5817,-14151
53,22,989.85,22.70,-164.65,22.35,5818,-13024
53,22,989.85,22.70,-164.67,22.35,5820,-11625
53,22,989.85,22.70,-164.65,22.35,5821,-10491
53,22,989.84,22.70,-164.62,22.35,5822,-9093
53,22,989.84,22.70,-164.62,22.35,5823,-7965
53,22,989.85,22.70,-164.64,22.35,5825,-6566
53,22,989.84,22.70,-164.62,22.35,5826,-5440
53,22,989.85,22.70,-164.64,22.35,5827,-4042
53,22,989.85,22.70,-164.64,22.35,5828,-2915
53,22,989.85,22.70,-164.64,22.35,5830,-1516
53,22,989.85,22.70,-164.64,22.35,5831,-390
53,22,989.85,22.70,-164.65,22.35,5832,1007
53,22,989.85,22.70,-164.67,22.35,5833,2134
53,22,989.85,22.69,-164.65,22.35,5835,3530
53,22,989.85,22.69,-164.67,22.35,5836,4657
53,22,989.85,22.69,-164.68,22.35,5837,6054
53,22,989.85,22.69,-164.68,22.35,5838,7180
53,22,989.85,22.69,-164.68,22.35,5840,8577
53,22,989.85,22.69,-164.65,22.35,5841,9703
53,22,989.85,22.69,-164.65,22.35,5842,11101
53,22,989.85,22.69,-164.65,22.35,5843,12227
53,22,989.84,22.69,-164.61,22.35,5845,13625
53,22,989.84,22.68,-164.59,22.34,5846,14752
53,22,989.84,22.68,-164.58,22.34,5847,16151
53,22,989.84,22.68,-164.58,22.34,5849,17277
53,22,989.84,22.68,-164.58,22.34,5850,18676
53,22,989.84,22.68,-164.58,22.34,5851,19803
53,22,989.83,22.68,-164.53,22.34,5852,21200
53,22,989.83,22.68,-164.52,22.34,5854,22328
53,22,989.83,22.68,-164.54,22.34,5855,23727
53,22,989.83,22.68,-164.53,22.34,5856,24853
53,22,989.83,22.68,-164.53,22.34,5857,26251
53,22,989.84,22.68,-164.56,22.34,5859,27378
53,22,989.84,22.68,-164.56,22.34,5860,28777
53,22,989.84,22.68,-164.58,22.34,5861,29903
53,22,989.84,22.68,-164.60,22.34,5863,31302
53,22,989.84,22.68,-164.62,22.34,5864,32429
53,22,989.84,22.68,-164.59,22.34,5865,-31710
53,22,989.84,22.68,-164.58,22.34,5866,-30581
53,22,989.83,22.67,-164.53,22.33,5868,-29181
53,22,989.83,22.67,-164.47,22.33,5869,-28054
53,22,989.83,22.67,-164.50,22.33,5870,-26655
53,22,989.83,22.67,-164.50,22.33,5871,-25527
53,22,989.83,22.67,-164.49,22.33,5873,-24128
53,22,989.83,22.67,-164.47,22.33,5874,-23000
53,22,989.82,22.67,-164.46,22.33,5875,-21600
53,22,989.83,22.68,-164.47,22.34,5876,-20472
53,22,989.83,22.68,-164.49,22.34,5878,-19074
53,22,989.83,22.68,-164.50,22.34,5879,-17945
53,22,989.83,22.68,-164.50,22.34,5880,-16545
53,22,989.83,22.68,-164.49,22.34,5881,-15418
53,22,989.83,22.68,-164.47,22.34,5883,-14018
53,22,989.83,22.68,-164.49,22.34,5884,-12891
53,22,989.83,22.68,-164.49,22.34,5885,-11492
53,22,989.83,22.67,-164.49,22.33,5886,-10363
53,22,989.83,22.67,-164.47,22.33,5888,-8964
53,22,989.83,22.67,-164.50,22.33,5889,-7837
53,22,989.83,22.67,-164.50,22.33,5890,-6439
53,22,989.83,22.67,-164.48,22.33,5891,-5312
53,22,989.83,22.67,-164.48,22.33,5893,-3914
53,22,989.83,22.67,-164.48,22.33,5894,-2787
53,22,989.83,22.67,-164.47,22.33,5895,-1388
53,22,989.82,22.66,-164.40,22.33,5897,-262
53,22,989.82,22.66,-164.40,22.33,5898,1135
53,22,989.82,22.66,-164.42,22.33,5899,2262
53,22,989.82,22.67,-164.42,22.33,5900,3659
53,22,989.82,22.67,-164.40,22.33,5902,4785
53,22,989.82,22.67,-164.39,22.33,5903,6181
53,22,989.81,22.66,-164.36,22.33,5904,7308
53,22,989.82,22.67,-164.40,22.33,5905,8706
53,22,989.81,22.66,-164.38,22.33,5907,9831
53,21,989.81,22.66,-164.36,21.83,5908,11229
53,21,989.81,22.66,-164.36,21.83,5909,12355
53,21,989.81,22.67,-164.38,21.83,5911,13753
53,21,989.81,22.67,-164.36,21.83,5912,14880
53,22,989.81,22.67,-164.34,22.33,5913,16279
53,22,989.81,22.67,-164.33,22.33,5914,17405
53,22,989.81,22.67,-164.36,22.33,5916,18803
53,22,989.81,22.67,-164.36,22.33,5917,19931
53,22,989.81,22.67,-164.36,22.33,5918,21328
53,22,989.81,22.67,-164.36,22.33,5919,22456
53,21,989.81,22.67,-164.36,21.83,5921,23855
53,21,989.82,22.67,-164.39,21.83,5922,24981
53,21,989.82,22.67,-164.38,21.83,5923,26379
53,21,989.82,22.67,-164.38,21.83,5924,27506
53,22,989.82,22.67,-164.39,22.33,5926,28904
53,22,989.82,22.67,-164.41,22.33,5927,30031
53,21,989.82,22.67,-164.39,21.83,5928,31430
53,21,989.82,22.67,-164.41,21.83,5929,32557
53,22,989.82,22.67,-164.39,22.33,5931,-31582
53,22,989.81,22.66,-164.36,22.33,5932,-30453
53,22,989.81,22.66,-164.36,22.33,5933,-29054
53,22,989.81,22.66,-164.38,22.33,5934,-27926
53,21,989.81,22.66,-164.33,21.83,5936,-26526
53,21,989.81,22.66,-164.34,21.83,5937,-25399
53,22,989.81,22.66,-164.38,22.33,5938,-24000
53,22,989.82,22.66,-164.39,22.33,5939,-22872
53,21,989.81,22.66,-164.34,21.83,5941,-21473
53,21,989.81,22.66,-164.34,21.83,5942,-20344
53,21,989.81,22.66,-164.36,21.83,5943,-18944
53,21,989.81,22.66,-164.37,21.83,5944,-17817
53,22,989.82,22.66,-164.40,22.33,5946,-16418
53,22,989.82,22.65,-164.40,22.33,5947,-15290
53,22,989.82,22.65,-164.40,22.33,5948,-13891
53,22,989.82,22.65,-164.41,22.33,5950,-12763
53,22,989.82,22.65,-164.40,22.33,5951,-11363
53,22,989.81,22.65,-164.37,22.33,5952,-10235
53,21,989.81,22.65,-164.35,21.83,5953,-8837
53,21,989.82,22.65,-164.39,21.83,5955,-7709
53,21,989.81,22.65,-164.35,21.83,5956,-6311
53,21,989.81,22.65,-164.35,21.83,5957,-5184
53,22,989.81,22.65,-164.34,22.33,5959,-3785
53,22,989.81,22.65,-164.32,22.33,5960,-2659
53,22,989.81,22.65,-164.32,22.33,5961,-1261
53,22,989.81,22.65,-164.30,22.33,5962,-134
53,22,989.80,22.65,-164.28,22.33,5964,1264
53,22,989.80,22.65,-164.28,22.33,5965,2390
53,21,989.80,22.65,-164.28,21.83,5966,3787
53,21,989.80,22.65,-164.28,21.83,5967,4913
53,21,989.80,22.65,-164.28,21.83,5969,6309
53,21,989.80,22.65,-164.26,21.83,5970,7436
53,21,989.80,22.65,-164.28,21.83,5971,8834
53,21,989.80,22.65,-164.26,21.83,5972,9959
53,21,989.80,22.65,-164.26,21.83,5974,11357
53,21,989.80,22.65,-164.25,21.83,5975,12483
53,21,989.80,22.65,-164.25,21.83,5976,13881
53,21,989.80,22.65,-164.25,21.83,5977,15008
53,21,989.80,22.65,-164.26,21.83,5979,16406
53,21,989.80,22.65,-164.26,21.83,5980,17532
53,22,989.80,22.64,-164.25,22.32,5981,18931
53,22,989.80,22.64,-164.25,22.32,5982,20058
53,22,989.80,22.64,-164.25,22.32,5984,21455
53,22,989.80,22.64,-164.25,22.32,5985,22583
53,22,989.80,22.64,-164.25,22.32,5986,23982
53,22,989.80,22.64,-164.23,22.32,5987,25108
53,21,989.80,22.64,-164.23,21.82,5989,26506
53,21,989.80,22.65,-164.25,21.83,5990,27633
53,21,989.80,22.65,-164.25,21.83,5991,29031
53,21,989.80,22.65,-164.25,21.83,5992,30158
53,21,989.80,22.65,-164.23,21.83,5994,31557
53,21,989.80,22.65,-164.23,21.83,5995,32684
53,21,989.80,22.65,-164.26,21.83,5996,-31455
53,21,989.80,22.65,-164.26,21.83,5998,-30326
53,21,989.80,22.65,-164.26,21.83,5999,-28927
53,21,989.80,22.65,-164.25,21.83,6000,-27799
53,21,989.80,22.65,-164.23,21.83,6001,-26400
53,21,989.80,22.65,-164.23,21.83,6003,-25272
53,21,989.80,22.65,-164.23,21.83,6004,-23872
53,21,989.80,22.65,-164.23,21.83,6005,-22745
53,22,989.79,22.65,-164.21,22.33,6007,-21346
53,22,989.80,22.65,-164.22,22.33,6008,-20217
53,21,989.80,22.65,-164.23,21.83,6009,-18819
53,21,989.79,22.65,-164.21,21.83,6010,-17690
53,21,989.79,22.65,-164.19,21.83,6012,-16290
53,21,989.79,22.65,-164.18,21.83,6013,-15163
53,21,989.79,22.64,-164.15,21.82,6014,-13764
53,21,989.79,22.64,-164.18,21.82,6015,-12636
53,21,989.79,22.65,-164.18,21.83,6017,-11237
53,21,989.79,22.65,-164.18,21.83,6018,-10108
53,21,989.79,22.65,-164.16,21.83,6019,-8710
53,21,989.79,22.65,-164.15,21.83,6020,-7583
53,21,989.79,22.65,-164.15,21.83,6022,-6184
53,21,989.78,22.65,-164.12,21.83,6023,-5058
53,21,989.79,22.65,-164.13,21.83,6024,-3660
53,21,989.78,22.65,-164.12,21.83,6025,-2533
53,21,989.78,22.65,-164.07,21.83,6027,-1135
53,21,989.78,22.65,-164.07,21.83,6028,-8
53,21,989.78,22.65,-164.09,21.83,6029,1387
53,21,989.78,22.64,-164.04,21.82,6030,2512
53,21,989.78,22.64,-164.04,21.82,6032,3909
53,21,989.78,22.64,-164.06,21.82,6033,5036
53,21,989.77,22.64,-164.03,21.82,6034,6432
53,21,989.77,22.64,-163.98,21.82,6035,7558
53,21,989.77,22.64,-164.00,21.82,6037,8955
53,21,989.77,22.64,-164.01,21.82,6038,10081
53,21,989.77,22.63,-163.98,21.81,6039,11479
53,21,989.77,22.63,-164.01,21.81,6040,12606
53,21,989.77,22.63,-164.02,21.81,6042,14004
53,21,989.77,22.63,-163.98,21.81,6043,15131
53,21,989.77,22.63,-164.01,21.81,6044,16530
53,21,989.77,22.63,-164.02,21.81,6046,17656
53,21,989.78,22.63,-164.04,21.81,6047,19054
53,21,989.78,22.63,-164.04,21.81,6048,20182
53,21,989.77,22.63,-164.01,21.81,6049,21579
53,21,989.77,22.63,-164.01,21.81,6051,22707
53,21,989.77,22.63,-164.00,21.81,6052,24105
53,21,989.77,22.63,-163.97,21.81,6053,25232
53,21,989.77,22.63,-164.01,21.81,6054,26630
53,21,989.77,22.63,-164.00,21.81,6056,27757
53,21,989.77,22.63,-164.00,21.81,6057,29155
53,21,989.77,22.63,-164.02,21.81,6058,30282
53,21,989.77,22.63,-164.02,21.81,6060,31681
53,21,989.78,22.63,-164.04,21.81,6061,-32729
53,21,989.78,22.63,-164.06,21.81,6062,-31305
53,21,989.78,22.63,-164.06,21.81,6063,-30177
53,21,989.78,22.63,-164.09,21.81,6065,-28778
53,21,989.78,22.63,-164.06,21.81,6066,-27650
53,21,989.78,22.63,-164.09,21.81,6067,-26250
53,21,989.78,22.63,-164.10,21.81,6068,-25122
53,21,989.78,22.63,-164.09,21.81,6070,-23724
53,21,989.78,22.63,-164.07,21.81,6071,-22595
53,21,989.78,22.63,-164.05,21.81,6072,-21196
53,21,989.78,22.63,-164.04,21.81,6073,-20068
53,21,989.78,22.63,-164.04,21.81,6075,-18668
53,21,989.77,22.63,-164.01,21.81,6076,-17541
53,21,989.77,22.63,-164.01,21.81,6077,-16141
53,21,989.77,22.63,-163.98,21.81,6078,-15013
53,21,989.77,22.63,-163.98,21.81,6080,-13615
53,21,989.77,22.63,-163.98,21.81,6081,-12486
53,21,989.77,22.63,-163.98,21.81,6082,-11087
53,21,989.77,22.63,-163.98,21.81,6083,-9959
53,21,989.77,22.63,-163.96,21.81,6085,-8560
53,21,989.77,22.63,-163.96,21.81,6086,-7434
53,21,989.77,22.63,-163.96,21.81,6087,-6036
53,21,989.77,22.63,-163.95,21.81,6088,-4909
53,21,989.76,22.63,-163.92,21.81,6090,-3511
53,21,989.76,22.63,-163.94,21.81,6091,-2383
53,21,989.77,22.64,-163.97,21.82,6092,-985
53,21,989.77,22.64,-163.97,21.82,6094,141
53,21,989.77,22.64,-163.97,21.82,6095,1537
53,21,989.77,22.64,-163.97,21.82,6096,2663
53,21,989.76,22.64,-163.94,21.82,6097,4060
53,21,989.76,22.64,-163.92,21.82,6099,5186
53,21,989.76,22.64,-163.92,21.82,6100,6584
53,21,989.76,22.64,-163.89,21.82,6101,7709
53,21,989.76,22.65,-163.89,21.83,6102,9106
53,21,989.76,22.65,-163.89,21.83,6104,10232
53,21,989.76,22.65,-163.88,21.83,6105,11630
53,21,989.76,22.65,-163.91,21.83,6106,12758
53,21,989.76,22.65,-163.90,21.83,6108,14156
53,21,989.76,22.66,-163.93,21.83,6109,15283
53,21,989.76,22.66,-163.90,21.83,6110,16681
53,21,989.76,22.66,-163.88,21.83,6111,17808
53,21,989.76,22.66,-163.90,21.83,6113,19206
53,21,989.76,22.66,-163.87,21.83,6114,20333
53,21,989.76,22.66,-163.87,21.83,6115,21732
53,21,989.75,22.66,-163.84,21.83,6116,22858
53,21,989.76,22.66,-163.87,21.83,6118,24257
53,21,989.76,22.66,-163.90,21.83,6119,25383
53,21,989.76,22.66,-163.89,21.83,6120,26781
53,21,989.76,22.67,-163.90,21.83,6121,27909
53,21,989.76,22.67,-163.92,21.83,6123,29306
53,21,989.76,22.67,-163.92,21.83,6124,30434
53,21,989.76,22.67,-163.94,21.83,6125,31833
53,21,989.76,22.67,-163.91,21.83,6126,-32577
53,21,989.76,22.68,-163.92,21.84,6128,-31178
53,21,989.76,22.68,-163.92,21.84,6129,-30050
53,21,989.76,22.68,-163.93,21.84,6130,-28651
53,21,989.76,22.68,-163.94,21.84,6131,-27523
53,21,989.77,22.68,-163.95,21.84,6133,-26123
53,21,989.77,22.68,-163.95,21.84,6134,-24995
53,21,989.77,22.68,-163.98,21.84,6135,-23596
53,21,989.77,22.68,-163.98,21.84,6136,-22468
53,21,989.77,22.68,-164.00,21.84,6138,-21069
53,21,989.77,22.68,-164.00,21.84,6139,-19941
53,21,989.77,22.68,-164.00,21.84,6140,-18542
53,21,989.77,22.68,-163.98,21.84,6142,-17414
53,22,989.77,22.68,-164.03,22.34,6143,-16014
53,22,989.77,22.68,-163.98,22.34,6144,-14886
53,21,989.77,22.68,-164.03,21.84,6145,-13488
53,21,989.78,22.68,-164.07,21.84,6147,-12359
53,21,989.77,22.68,-164.01,21.84,6148,-10960
53,21,989.78,22.68,-164.04,21.84,6149,-9832
53,21,989.78,22.68,-164.04,21.84,6150,-8433
53,21,989.78,22.68,-164.04,21.84,6152,-7307
53,22,989.78,22.68,-164.05,22.34,6153,-5909
53,22,989.78,22.68,-164.05,22.34,6154,-4782
53,22,989.78,22.68,-164.09,22.34,6156,-3384
53,22,989.78,22.68,-164.07,22.34,6157,-2256
53,21,989.78,22.68,-164.06,21.84,6158,-858
53,21,989.78,22.69,-164.09,21.85,6159,268
53,21,989.78,22.69,-164.09,21.85,6161,1664
53,21,989.78,22.69,-164.09,21.85,6162,2790
53,21,989.78,22.69,-164.07,21.85,6163,4187
53,21,989.78,22.69,-164.07,21.85,6164,5313
53,21,989.78,22.69,-164.04,21.85,6166,6710
53,21,989.78,22.69,-164.04,21.85,6167,7836
53,21,989.78,22.69,-164.07,21.85,6168,9233
53,21,989.78,22.69,-164.07,21.85,6169,10358
53,22,989.78,22.69,-164.04,22.35,6171,11756
53,22,989.77,22.70,-164.03,22.35,6172,12883
53,21,989.77,22.70,-164.02,21.85,6173,14281
53,21,989.77,22.70,-164.03,21.85,6174,15408
53,22,989.77,22.70,-164.03,22.35,6176,16806
53,22,989.77,22.70,-164.03,22.35,6177,17933
53,22,989.77,22.70,-164.00,22.35,6178,19331
53,22,989.77,22.70,-163.97,22.35,6179,20458
53,21,989.77,22.70,-163.99,21.85,6181,21857
53,21,989.77,22.70,-163.99,21.85,6182,22983
53,21,989.77,22.70,-163.96,21.85,6183,24382
53,21,989.77,22.70,-163.96,21.85,6184,25508
53,22,989.76,22.70,-163.93,22.35,6186,26906
53,22,989.76,22.70,-163.93,22.35,6187,28034
53,22,989.76,22.70,-163.93,22.35,6188,29432
53,22,989.77,22.70,-163.96,22.35,6189,30559
53,22,989.76,22.70,-163.94,22.35,6191,31956
53,22,989.76,22.69,-163.93,22.35,6192,-32452
53,22,989.76,22.69,-163.94,22.35,6193,-31053
53,22,989.76,22.69,-163.94,22.35,6195,-29925
53,22,989.76,22.69,-163.94,22.35,6196,-28525
53,22,989.76,22.69,-163.94,22.35,6197,-27398
53,22,989.77,22.69,-163.96,22.35,6198,-25999
53,22,989.76,22.69,-163.91,22.35,6200,-24870
53,22,989.76,22.69,-163.91,22.35,6201,-23471
53,22,989.76,22.69,-163.89,22.35,6202,-22343
53,22,989.76,22.68,-163.88,22.34,6204,-20943
53,22,989.75,22.68,-163.86,22.34,6205,-19816
53,22,989.76,22.68,-163.86,22.34,6206,-18417
53,22,989.76,22.68,-163.89,22.34,6207,-17289
53,22,989.76,22.68,-163.89,22.34,6209,-15889
53,22,989.76,22.68,-163.92,22.34,6210,-14761
53,22,989.76,22.68,-163.89,22.34,6211,-13363
53,22,989.76,22.68,-163.89,22.34,6212,-12234
53,22,989.75,22.67,-163.83,22.33,6214,-10835
53,22,989.75,22.67,-163.83,22.33,6215,-9707
53,22,989.75,22.67,-163.83,22.33,6216,-8308
53,22,989.75,22.67,-163.82,22.33,6217,-7182
53,22,989.75,22.67,-163.79,22.33,6219,-5784
53,22,989.74,22.67,-163.77,22.33,6220,-4657
53,22,989.75,22.67,-163.79,22.33,6221,-3258
53,22,989.75,22.67,-163.79,22.33,6222,-2131
53,22,989.75,22.67,-163.81,22.33,6224,-734
53,22,989.75,22.67,-163.81,22.33,6225,393
53,22,989.75,22.67,-163.81,22.33,6226,1788
53,22,989.75,22.68,-163.85,22.34,6227,2915
53,22,989.75,22.68,-163.85,22.34,6229,4313
53,22,989.76,22.68,-163.86,22.34,6230,5438
53,22,989.76,22.68,-163.88,22.34,6231,6835
53,22,989.75,22.68,-163.85,22.34,6232,7961
53,22,989.75,22.68,-163.85,22.34,6234,9359
53,22,989.75,22.68,-163.83,22.34,6235,10484
53,22,989.74,22.68,-163.78,22.34,6236,11882
53,22,989.75,22.68,-163.81,22.34,6237,13009
53,22,989.75,22.68,-163.79,22.34,6239,14407
53,22,989.75,22.68,-163.84,22.34,6240,15534
53,22,989.75,22.68,-163.85,22.34,6241,16932
53,22,989.76,22.68,-163.86,22.34,6243,18059
53,22,989.76,22.68,-163.89,22.34,6244,19457
53,22,989.76,22.68,-163.88,22.34,6245,20584
53,22,989.76,22.68,-163.88,22.34,6246,21983
53,22,989.76,22.69,-163.91,22.35,6248,23109
53,22,989.76,22.68,-163.88,22.34,6249,24507
53,22,989.75,22.68,-163.85,22.34,6250,25634
53,22,989.76,22.68,-163.86,22.34,6251,27032
53,22,989.76,22.68,-163.88,22.34,6253,28158
53,22,989.76,22.68,-163.91,22.34,6254,29557
53,22,989.76,22.68,-163.88,22.34,6255,30684
53,22,989.77,22.68,-163.95,22.34,6257,32081
53,22,989.76,22.68,-163.94,22.34,6258,-32327
53,22,989.77,22.68,-163.97,22.34,6259,-30927
53,22,989.77,22.68,-163.97,22.34,6260,-29800
53,22,989.77,22.68,-163.97,22.34,6262,-28401
53,22,989.77,22.69,-164.00,22.35,6263,-27273
53,22,989.77,22.69,-164.00,22.35,6264,-25874
53,22,989.77,22.69,-164.00,22.35,6265,-24745
53,22,989.77,22.69,-163.97,22.35,6267,-23346
53,22,989.77,22.69,-163.98,22.35,6268,-22218
53,22,989.77,22.69,-163.97,22.35,6269,-20819
53,22,989.76,22.68,-163.94,22.34,6270,-19691
53,22,989.76,22.68,-163.91,22.34,6272,-18292
53,22,989.76,22.68,-163.89,22.34,6273,-17165
53,22,989.76,22.68,-163.89,22.34,6274,-15765
53,22,989.76,22.68,-163.86,22.34,6275,-14638
53,22,989.76,22.68,-163.86,22.34,6277,-13239
53,22,989.76,22.68,-163.86,22.34,6278,-12110
53,22,989.76,22.69,-163.91,22.35,6279,-10711
53,22,989.76,22.69,-163.89,22.35,6280,-9583
53,22,989.76,22.69,-163.88,22.35,6282,-8185
53,22,989.76,22.68,-163.86,22.34,6283,-7058
53,22,989.76,22.69,-163.89,22.35,6284,-5660
53,22,989.76,22.69,-163.89,22.35,6285,-4533
53,22,989.76,22.69,-163.94,22.35,6287,-3134
53,22,989.76,22.69,-163.93,22.35,6288,-2008
53,22,989.76,22.69,-163.94,22.35,6289,-610
53,22,989.76,22.69,-163.93,22.35,6291,517
53,22,989.77,22.69,-163.96,22.35,6292,1913
53,22,989.77,22.69,-163.96,22.35,6293,3039
53,22,989.77,22.69,-163.98,22.35,6294,4435
53,22,989.77,22.69,-163.98,22.35,6296,5562
53,22,989.77,22.69,-164.03,22.35,6297,6959
53,22,989.77,22.69,-164.03,22.35,6298,8084
53,22,989.77,22.69,-164.03,22.35,6299,9481
53,22,989.77,22.69,-164.03,22.35,6301,10607
53,22,989.77,22.69,-164.03,22.35,6302,12005
53,22,989.77,22.69,-164.03,22.35,6303,13132
53,22,989.77,22.69,-164.02,22.35,6305,14544
53,22,989.78,22.69,-164.04,22.35,6306,15671
53,22,989.78,22.69,-164.04,22.35,6307,17070
53,22,989.78,22.69,-164.04,22.35,6308,18196
53,22,989.77,22.69,-164.01,22.35,6310,19594
53,22,989.77,22.68,-163.97,22.34,6311,20721
53,22,989.77,22.68,-163.98,22.34,6312,22120
53,22,989.77,22.68,-163.98,22.34,6313,23246
53,22,989.77,22.68,-163.97,22.34,6315,24644
53,22,989.76,22.68,-163.94,22.34,6316,25772
53,22,989.77,22.69,-163.97,22.35,6317,27169
53,22,989.77,22.69,-163.95,22.35,6318,28296
54,22,989.77,22.69,-163.97,22.35,6320,29694
54,22,989.76,22.69,-163.94,22.35,6321,30821
53,22,989.76,22.69,-163.91,22.35,6322,32219
53,22,989.76,22.69,-163.93,22.35,6323,-32190
53,22,989.76,22.69,-163.94,22.35,6325,-30790
53,22,989.76,22.69,-163.94,22.35,6326,-29663
53,22,989.77,22.70,-163.96,22.35,6327,-28264
53,22,989.77,22.70,-163.97,22.35,6328,-27135
53,22,989.77,22.70,-163.99,22.35,6330,-25737
53,22,989.76,22.70,-163.95,22.35,6331,-24608
54,22,989.76,22.70,-163.93,22.35,6332,-23208
54,22,989.77,22.70,-163.98,22.35,6333,-22081
54,22,989.77,22.71,-164.00,22.35,6335,-20682
54,22,989.77,22.71,-164.00,22.35,6336,-19554
54,22,989.77,22.71,-164.00,22.35,6337,-18155
54,22,989.78,22.71,-164.04,22.35,6339,-17028
54,22,989.78,22.71,-164.05,22.35,6340,-15628
54,22,989.78,22.71,-164.05,22.35,6341,-14500
54,22,989.78,22.71,-164.09,22.35,6342,-13102
54,22,989.78,22.71,-164.05,22.35,6344,-11973
53,22,989.78,22.72,-164.05,22.36,6345,-10573
53,22,989.78,22.72,-164.09,22.36,6346,-9446
54,22,989.78,22.72,-164.06,22.36,6347,-8048
54,22,989.77,22.72,-164.03,22.36,6349,-6921
54,22,989.77,22.72,-164.01,22.36,6350,-5523
54,22,989.77,22.72,-163.97,22.36,6351,-4396
54,22,989.77,22.72,-164.00,22.36,6353,-2997
54,22,989.77,22.72,-164.01,22.36,6354,-1870
54,22,989.77,22.73,-164.03,22.36,6355,-473
54,22,989.77,22.73,-164.01,22.36,6356,654
54,22,989.77,22.73,-164.02,22.36,6358,2050
54,22,989.77,22.73,-164.00,22.36,6359,3176
54,22,989.77,22.73,-163.97,22.36,6360,4574
54,22,989.76,22.73,-163.94,22.36,6361,5699
54,22,989.77,22.73,-163.97,22.36,6363,7096
54,22,989.77,22.73,-163.97,22.36,6364,8222
54,22,989.77,22.73,-163.99,22.36,6365,9620
54,22,989.77,22.73,-163.97,22.36,6366,10745
54,22,989.77,22.74,-163.99,22.37,6368,12144
54,22,989.77,22.74,-163.96,22.37,6369,13271
54,22,989.76,22.74,-163.94,22.37,6370,14668
54,22,989.76,22.74,-163.92,22.37,6371,15796
54,22,989.77,22.74,-163.97,22.37,6373,17195
54,22,989.77,22.74,-163.97,22.37,6374,18321
54,22,989.77,22.74,-164.02,22.37,6375,19719
54,22,989.77,22.74,-164.02,22.37,6376,20846
54,22,989.77,22.74,-164.01,22.37,6378,22244
54,22,989.77,22.74,-163.97,22.37,6379,23371
54,22,989.77,22.74,-163.97,22.37,6380,24770
54,22,989.77,22.74,-163.99,22.37,6381,25896
54,22,989.77,22.74,-163.97,22.37,6383,27294
54,22,989.77,22.74,-163.99,22.37,6384,28422
54,22,989.77,22.74,-163.96,22.37,6385,29819
54,22,989.77,22.74,-163.96,22.37,6386,30947
54,22,989.77,22.75,-163.99,22.38,6388,32346
54,22,989.77,22.74,-164.01,22.37,6389,-32064
54,22,989.77,22.74,-164.01,22.37,6390,-30665
54,22,989.77,22.74,-163.99,22.37,6392,-29537
54,22,989.77,22.74,-164.01,22.37,6393,-28138
54,22,989.77,22.74,-164.01,22.37,6394,-27002
54,22,989.77,22.74,-164.02,22.37,6395,-25603
54,22,989.77,22.74,-164.02,22.37,6397,-24475
54,22,989.77,22.74,-164.01,22.37,6398,-23076
54,22,989.77,22.74,-163.97,22.37,6399,-21948
54,22,989.77,22.74,-163.97,22.37,6401,-20549
54,22,989.77,22.74,-163.97,22.37,6402,-19421
54,22,989.76,22.74,-163.95,22.37,6403,-18021
54,22,989.77,22.74,-163.97,22.37,6404,-16893
54,22,989.77,22.74,-163.97,22.37,6406,-15495
54,22,989.77,22.74,-163.99,22.37,6407,-14366
54,22,989.77,22.74,-163.97,22.37,6408,-12967
54,22,989.77,22.74,-163.96,22.37,6409,-11839
54,22,989.76,22.74,-163.95,22.37,6411,-10439
54,22,989.77,22.74,-163.96,22.37,6412,-9312
54,22,989.76,22.74,-163.95,22.37,6413,-7914
54,22,989.76,22.74,-163.95,22.37,6414,-6787
54,22,989.76,22.74,-163.95,22.37,6416,-5389
54,22,989.77,22.74,-163.96,22.37,6417,-4262
54,22,989.77,22.74,-163.96,22.37,6418,-2864
54,22,989.77,22.74,-163.99,22.37,6419,-1737
53,22,989.77,22.74,-163.97,22.37,6421,-339
53,22,989.77,22.74,-163.99,22.37,6422,787
53,22,989.77,22.74,-164.01,22.37,6423,2184
53,22,989.78,22.74,-164.03,22.37,6424,3309
53,22,989.77,22.74,-164.01,22.37,6426,4706
53,22,989.77,22.74,-164.01,22.37,6427,5832
53,22,989.77,22.74,-164.02,22.37,6428,7229
53,22,989.77,22.74,-164.03,22.37,6429,8355
53,22,989.78,22.74,-164.05,22.37,6431,9753
53,22,989.77,22.74,-164.02,22.37,6432,10878
53,22,989.77,22.74,-164.02,22.37,6433,12276
53,22,989.77,22.74,-164.01,22.37,6434,13404
53,22,989.77,22.74,-164.01,22.37,6436,14801
53,22,989.77,22.74,-164.01,22.37,6437,15929
53,22,989.77,22.73,-163.99,22.36,6438,17328
53,22,989.77,22.73,-164.02,22.36,6440,18454
53,22,989.78,22.74,-164.07,22.37,6441,19852
53,22,989.78,22.74,-164.07,22.37,6442,20979
53,22,989.78,22.74,-164.07,22.37,6443,22377
53,22,989.78,22.74,-164.07,22.37,6445,23503
53,22,989.78,22.74,-164.07,22.37,6446,24902
53,22,989.78,22.74,-164.06,22.37,6447,26029
53,22,989.78,22.74,-164.07,22.37,6448,27426
53,22,989.78,22.74,-164.10,22.37,6450,28554
53,22,989.78,22.74,-164.11,22.37,6451,29953
53,22,989.78,22.74,-164.06,22.37,6452,31079
53,22,989.78,22.74,-164.05,22.37,6454,32477
53,22,989.78,22.74,-164.05,22.37,6455,-31932
53,22,989.77,22.74,-164.02,22.37,6456,-30533
53,22,989.78,22.74,-164.06,22.37,6457,-29405
53,22,989.78,22.74,-164.03,22.37,6459,-28005
53,22,989.77,22.74,-164.01,22.37,6460,-26877
53,22,989.77,22.74,-163.96,22.37,6461,-25479
53,22,989.77,22.74,-163.96,22.37,6462,-24350
53,22,989.77,22.74,-163.97,22.37,6464,-22951
53,22,989.77,22.74,-163.99,22.37,6465,-21823
53,22,989.77,22.74,-164.01,22.37,6466,-20423
53,22,989.77,22.74,-164.02,22.37,6467,-19296
53,22,989.78,22.75,-164.04,22.38,6469,-17897
53,22,989.78,22.75,-164.04,22.38,6470,-16768
53,22,989.78,22.75,-164.04,22.38,6471,-15370
53,22,989.78,22.75,-164.06,22.38,6472,-14241
53,22,989.78,22.75,-164.06,22.38,6474,-12841
53,22,989.78,22.75,-164.10,22.38,6475,-11714
53,22,989.78,22.75,-164.10,22.38,6476,-10315
53,22,989.78,22.75,-164.11,22.38,6477,-9187
53,22,989.79,22.75,-164.13,22.38,6479,-7789
53,22,989.79,22.75,-164.13,22.38,6480,-6662
53,22,989.79,22.75,-164.18,22.38,6481,-5263
53,22,989.79,22.75,-164.19,22.38,6482,-4136
53,22,989.80,22.75,-164.22,22.38,6484,-2739
53,22,989.80,22.75,-164.23,22.38,6485,-1611
53,22,989.80,22.75,-164.22,22.38,6486,-213
53,22,989.79,22.74,-164.20,22.37,6488,912
53,22,989.80,22.74,-164.23,22.37,6489,2308
53,22,989.80,22.74,-164.21,22.37,6490,3434
53,22,989.80,22.74,-164.24,22.37,6491,4831
53,22,989.80,22.74,-164.26,22.37,6493,5957
53,22,989.80,22.74,-164.24,22.37,6494,7355
53,22,989.80,22.74,-164.23,22.37,6495,8481
53,22,989.80,22.74,-164.24,22.37,6496,9878
53,22,989.80,22.74,-164.24,22.37,6498,11003
53,22,989.80,22.74,-164.29,22.37,6499,12402
53,22,989.80,22.74,-164.29,22.37,6500,13529
53,22,989.80,22.73,-164.25,22.36,6502,14926
53,22,989.80,22.73,-164.25,22.36,6503,16054
53,22,989.81,22.73,-164.30,22.36,6504,17453
53,22,989.81,22.73,-164.33,22.36,6505,18579
53,22,989.81,22.73,-164.34,22.36,6507,19977
53,22,989.81,22.73,-164.36,22.36,6508,21104
53,22,989.81,22.73,-164.37,22.36,6509,22502
53,22,989.81,22.73,-164.34,22.36,6510,23629
53,22,989.81,22.73,-164.36,22.36,6512,25028
53,22,989.82,22.73,-164.39,22.36,6513,26155
53,22,989.82,22.73,-164.39,22.36,6514,27552
53,22,989.81,22.73,-164.37,22.36,6515,28680
53,22,989.81,22.73,-164.34,22.36,6517,30078
53,22,989.81,22.73,-164.30,22.36,6518,31205
53,22,989.81,22.73,-164.31,22.36,6519,32603
53,22,989.81,22.73,-164.30,22.36,6520,-31806
53,22,989.81,22.73,-164.30,22.36,6522,-30407
53,22,989.80,22.73,-164.29,22.36,6523,-29279
53,22,989.80,22.73,-164.25,22.36,6524,-27879
53,22,989.80,22.73,-164.27,22.36,6525,-26751
53,22,989.80,22.73,-164.27,22.36,6527,-25353
53,22,989.80,22.73,-164.29,22.36,6528,-24224
53,22,989.80,22.73,-164.29,22.36,6529,-22825
53,22,989.80,22.73,-164.24,22.36,6530,-21697
53,22,989.80,22.73,-164.22,22.36,6532,-20297
53,22,989.79,22.73,-164.21,22.36,6533,-19170
53,22,989.79,22.73,-164.21,22.36,6534,-17771
53,22,989.79,22.73,-164.21,22.36,6535,-16643
53,22,989.79,22.73,-164.19,22.36,6537,-15244
53,22,989.79,22.73,-164.18,22.36,6538,-14115
53,22,989.79,22.73,-164.18,22.36,6539,-12716
53,22,989.79,22.73,-164.20,22.36,6541,-11588
53,22,989.79,22.73,-164.18,22.36,6542,-10189
53,22,989.79,22.73,-164.16,22.36,6543,-9061
53,22,989.78,22.73,-164.11,22.36,6544,-7662
53,22,989.78,22.73,-164.11,22.36,6546,-6536
53,22,989.78,22.73,-164.11,22.36,6547,-5138
53,22,989.78,22.73,-164.11,22.36,6548,-4010
53,22,989.78,22.73,-164.11,22.36,6550,-2613
53,22,989.78,22.73,-164.07,22.36,6551,-1485
53,22,989.78,22.73,-164.07,22.36,6552,-87
53,22,989.78,22.73,-164.09,22.36,6553,1038
53,22,989.78,22.73,-164.06,22.36,6555,2435
53,22,989.78,22.73,-164.07,22.36,6556,3561
53,22,989.78,22.73,-164.06,22.36,6557,4959
53,22,989.78,22.72,-164.06,22.36,6558,6084
53,22,989.78,22.72,-164.09,22.36,6560,7481
53,22,989.78,22.72,-164.09,22.36,6561,8607
53,22,989.78,22.72,-164.12,22.36,6562,10005
53,22,989.78,22.72,-164.10,22.36,6563,11131
53,22,989.79,22.72,-164.13,22.36,6565,12530
53,22,989.79,22.72,-164.14,22.36,6566,13657
53,22,989.79,22.72,-164.14,22.36,6567,15054
53,22,989.79,22.72,-164.14,22.36,6568,16182
53,22,989.79,22.72,-164.14,22.36,6570,17581
53,22,989.79,22.72,-164.16,22.36,6571,18707
53,22,989.79,22.72,-164.13,22.36,6572,20105
53,22,989.79,22.72,-164.15,22.36,6573,21232
53,22,989.79,22.72,-164.15,22.36,6575,22652
53,22,989.79,22.72,-164.13,22.36,6576,23779
53,22,989.79,22.72,-164.15,22.36,6577,25177
53,22,989.78,22.72,-164.10,22.36,6578,26304
53,22,989.78,22.72,-164.12,22.36,6580,27702
53,22,989.79,22.72,-164.15,22.36,6581,28828
53,22,989.79,22.72,-164.15,22.36,6582,30227
53,22,989.79,22.72,-164.16,22.36,6583,31353
53,22,989.79,22.71,-164.14,22.35,6585,32751
53,22,989.79,22.71,-164.16,22.35,6586,-31657
53,22,989.79,22.71,-164.16,22.35,6587,-30258
53,22,989.79,22.71,-164.14,22.35,6589,-29130
53,22,989.79,22.71,-164.14,22.35,6590,-27731
53,22,989.79,22.71,-164.13,22.35,6591,-26603
53,22,989.79,22.71,-164.13,22.35,6592,-25204
53,22,989.79,22.71,-164.13,22.35,6594,-24076
53,22,989.79,22.71,-164.14,22.35,6595,-22676
53,22,989.79,22.72,-164.19,22.36,6596,-21549
53,22,989.79,22.72,-164.18,22.36,6598,-20150
53,22,989.79,22.72,-164.15,22.36,6599,-19021
53,22,989.79,22.72,-164.15,22.36,6600,-17623
53,22,989.78,22.72,-164.12,22.36,6601,-16495
53,22,989.79,22.72,-164.14,22.36,6603,-15095
53,22,989.79,22.72,-164.18,22.36,6604,-13968
53,22,989.79,22.72,-164.19,22.36,6605,-12569
53,22,989.79,22.72,-164.19,22.36,6606,-11441
53,22,989.79,22.72,-164.19,22.36,6608,-10041
53,22,989.79,22.72,-164.19,22.36,6609,-8913
53,22,989.79,22.72,-164.21,22.36,6610,-7516
53,22,989.79,22.72,-164.19,22.36,6611,-6388
54,22,989.79,22.72,-164.21,22.36,6613,-4990
54,22,989.80,22.72,-164.22,22.36,6614,-3863
54,22,989.80,22.72,-164.22,22.36,6615,-2464
54,22,989.80,22.72,-164.23,22.36,6616,-1338
53,22,989.80,22.72,-164.23,22.36,6618,60
53,22,989.80,22.73,-164.26,22.36,6619,1184
53,22,989.80,22.73,-164.26,22.36,6620,2582
53,22,989.80,22.73,-164.25,22.36,6621,3707
53,22,989.80,22.73,-164.25,22.36,6623,5104
53,22,989.80,22.73,-164.25,22.36,6624,6231
53,22,989.80,22.73,-164.26,22.36,6625,7627
53,22,989.80,22.73,-164.28,22.36,6626,8754
53,22,989.80,22.73,-164.26,22.36,6628,10150
53,22,989.81,22.73,-164.30,22.36,6629,11277
53,22,989.80,22.73,-164.28,22.36,6630,12675
53,22,989.81,22.73,-164.31,22.36,6631,13802
53,22,989.81,22.73,-164.32,22.36,6633,15201
53,22,989.81,22.73,-164.32,22.36,6634,16327
53,22,989.81,22.73,-164.31,22.36,6635,17725
53,22,989.81,22.73,-164.31,22.36,6637,18852
53,22,989.81,22.73,-164.32,22.36,6638,20250
53,22,989.81,22.73,-164.32,22.36,6639,21377
53,22,989.81,22.73,-164.32,22.36,6640,22775
53,22,989.81,22.73,-164.32,22.36,6642,23902
53,22,989.81,22.73,-164.31,22.36,6643,25299
53,22,989.81,22.73,-164.31,22.36,6644,26427
53,22,989.81,22.73,-164.30,22.36,6645,27826
53,22,989.81,22.73,-164.31,22.36,6647,28952
53,22,989.81,22.73,-164.32,22.36,6648,30350
53,22,989.81,22.73,-164.32,22.36,6649,31477
53,22,989.81,22.73,-164.32,22.36,6651,-32661
53,22,989.80,22.72,-164.28,22.36,6652,-31533
53,22,989.81,22.73,-164.30,22.36,6653,-30133
53,22,989.80,22.72,-164.26,22.36,6654,-29005
53,22,989.80,22.72,-164.25,22.36,6656,-27607
53,22,989.81,22.73,-164.30,22.36,6657,-26478
53,22,989.81,22.73,-164.31,22.36,6658,-25078
53,22,989.81,22.73,-164.30,22.36,6659,-23951
53,22,989.81,22.73,-164.31,22.36,6661,-22551
53,22,989.81,22.73,-164.31,22.36,6662,-21424
53,22,989.81,22.73,-164.30,22.36,6663,-20025
53,22,989.80,22.73,-164.28,22.36,6664,-18896
53,22,989.80,22.73,-164.28,22.36,6666,-17497
53,22,989.80,22.73,-164.28,22.36,6667,-16369
53,22,989.80,22.73,-164.28,22.36,6668,-14970
53,22,989.80,22.72,-164.26,22.36,6669,-13842
53,22,989.80,22.72,-164.28,22.36,6671,-12443
53,22,989.81,22.72,-164.31,22.36,6672,-11315
53,22,989.81,22.72,-164.32,22.36,6673,-9915
53,22,989.81,22.72,-164.31,22.36,6674,-8788
53,22,989.81,22.72,-164.31,22.36,6676,-7391
53,22,989.81,22.72,-164.29,22.36,6677,-6263
53,22,989.81,22.72,-164.34,22.36,6678,-4864
53,22,989.81,22.72,-164.32,22.36,6679,-3738
53,22,989.81,22.72,-164.34,22.36,6681,-2340
53,22,989.81,22.71,-164.32,22.35,6682,-1213
53,22,989.81,22.71,-164.37,22.35,6683,185
53,22,989.81,22.71,-164.37,22.35,6685,1310
53,22,989.81,22.71,-164.37,22.35,6686,2708
53,22,989.81,22.71,-164.33,22.35,6687,3833
53,22,989.81,22.71,-164.32,22.35,6688,5230
53,22,989.81,22.71,-164.31,22.35,6690,6356
53,22,989.80,22.71,-164.26,22.35,6691,7754
53,22,989.80,22.71,-164.26,22.35,6692,8880
53,22,989.80,22.71,-164.28,22.35,6693,10276
53,22,989.80,22.71,-164.29,22.35,6695,11404
53,22,989.80,22.71,-164.29,22.35,6696,12802
53,22,989.80,22.70,-164.29,22.35,6697,13929
53,22,989.81,22.71,-164.33,22.35,6699,15327
53,22,989.81,22.70,-164.33,22.35,6700,16453
53,22,989.81,22.70,-164.35,22.35,6701,17851
53,22,989.81,22.70,-164.33,22.35,6702,18978
53,22,989.81,22.70,-164.33,22.35,6704,20377
53,22,989.81,22.70,-164.35,22.35,6705,21504
53,22,989.81,22.70,-164.36,22.35,6706,22901
53,22,989.81,22.70,-164.36,22.35,6707,24029
53,22,989.81,22.70,-164.38,22.35,6709,25426
53,22,989.81,22.70,-164.37,22.35,6710,26554
53,22,989.82,22.70,-164.39,22.35,6711,27953
53,22,989.82,22.70,-164.40,22.35,6712,29079
53,22,989.81,22.70,-164.37,22.35,6714,30477
53,22,989.81,22.70,-164.37,22.35,6715,31604
53,22,989.81,22.69,-164.34,22.35,6716,-32533
53,22,989.81,22.69,-164.34,22.35,6717,-31406
53,22,989.81,22.69,-164.34,22.35,6719,-30007
53,22,989.81,22.69,-164.31,22.35,6720,-28878
53,22,989.81,22.69,-164.30,22.35,6721,-27480
53,22,989.81,22.69,-164.31,22.35,6722,-26351
53,22,989.81,22.69,-164.32,22.35,6724,-24951
53,22,989.81,22.69,-164.32,22.35,6725,-23824
53,22,989.81,22.69,-164.34,22.35,6726,-22425
53,22,989.81,22.69,-164.30,22.35,6727,-21297
53,22,989.81,22.69,-164.31,22.35,6729,-19898
53,22,989.81,22.69,-164.30,22.35,6730,-18769
53,22,989.81,22.69,-164.30,22.35,6731,-17370
53,22,989.80,22.69,-164.28,22.35,6733,-16242
53,22,989.80,22.68,-164.25,22.34,6734,-14843
53,22,989.80,22.69,-164.28,22.35,6735,-13715
53,22,989.80,22.68,-164.28,22.34,6736,-12315
53,22,989.81,22.68,-164.31,22.34,6738,-11188
53,22,989.81,22.68,-164.32,22.34,6739,-9788
53,22,989.81,22.69,-164.35,22.35,6740,-8661
53,22,989.81,22.68,-164.32,22.34,6741,-7264
53,22,989.81,22.68,-164.31,22.34,6743,-6136
53,22,989.81,22.68,-164.31,22.34,6744,-4738
53,22,989.81,22.68,-164.31,22.34,6745,-3611
53,22,989.81,22.69,-164.35,22.35,6747,-2213
53,22,989.81,22.69,-164.35,22.35,6748,-1086
53,22,989.81,22.69,-164.34,22.35,6749,313
53,22,989.81,22.69,-164.35,22.35,6750,1437
53,22,989.81,22.69,-164.35,22.35,6752,2834
53,22,989.81,22.69,-164.35,22.35,6753,3960
53,22,989.81,22.69,-164.34,22.35,6754,5357
53,22,989.81,22.69,-164.34,22.35,6755,6483
53,22,989.81,22.69,-164.31,22.35,6757,7881
53,22,989.81,22.69,-164.31,22.35,6758,9007
53,22,989.81,22.69,-164.30,22.35,6759,10403
53,22,989.80,22.69,-164.28,22.35,6760,11531
53,22,989.80,22.69,-164.28,22.35,6762,12930
53,22,989.81,22.69,-164.31,22.35,6763,14056
53,22,989.81,22.69,-164.34,22.35,6764,15454
53,22,989.81,22.69,-164.37,22.35,6765,16581
53,22,989.82,22.69,-164.39,22.35,6767,17979
53,22,989.82,22.69,-164.40,22.35,6768,19106
53,22,989.82,22.69,-164.41,22.35,6769,20504
53,22,989.82,22.69,-164.43,22.35,6770,21630
53,22,989.82,22.69,-164.41,22.35,6772,23028
53,22,989.82,22.69,-164.40,22.35,6773,24156
53,22,989.82,22.69,-164.41,22.35,6774,25554
53,22,989.82,22.68,-164.41,22.34,6775,26681
53,22,989.82,22.68,-164.43,22.34,6777,28079
53,22,989.82,22.68,-164.40,22.34,6778,29206
53,22,989.82,22.68,-164.41,22.34,6779,30604
53,22,989.82,22.68,-164.40,22.34,6780,31731
53,22,989.82,22.68,-164.38,22.34,6782,-32407
53,22,989.81,22.68,-164.37,22.34,6783,-31280
53,22,989.81,22.68,-164.35,22.34,6784,-29881
53,22,989.81,22.68,-164.32,22.34,6786,-28752
53,22,989.81,22.68,-164.35,22.34,6787,-27353
53,22,989.81,22.68,-164.37,22.34,6788,-26225
53,22,989.81,22.68,-164.34,22.34,6789,-24826
53,22,989.81,22.68,-164.37,22.34,6791,-23698
53,22,989.81,22.68,-164.34,22.34,6792,-22299
53,22,989.81,22.67,-164.32,22.33,6793,-21171
53,22,989.81,22.67,-164.35,22.33,6795,-19771
53,22,989.81,22.67,-164.37,22.33,6796,-18643
53,22,989.81,22.67,-164.35,22.33,6797,-17245
53,22,989.81,22.67,-164.35,22.33,6798,-16116
53,22,989.81,22.67,-164.33,22.33,6800,-14717
53,22,989.81,22.67,-164.34,22.33,6801,-13589
53,22,989.81,22.67,-164.36,22.33,6802,-12189
53,22,989.81,22.67,-164.36,22.33,6803,-11062
53,22,989.82,22.67,-164.38,22.33,6805,-9663
53,22,989.81,22.67,-164.36,22.33,6806,-8536
53,22,989.81,22.67,-164.34,22.33,6807,-7137
53,22,989.81,22.67,-164.38,22.33,6808,-6010
53,22,989.81,22.67,-164.38,22.33,6810,-4613
53,22,989.82,22.67,-164.39,22.33,6811,-3485
53,22,989.81,22.66,-164.36,22.33,6812,-2087
53,22,989.81,22.66,-164.36,22.33,6813,-960
53,22,989.81,22.66,-164.36,22.33,6815,438
53,22,989.81,22.66,-164.33,22.33,6816,1562
53,22,989.81,22.66,-164.34,22.33,6817,2959
53,22,989.81,22.66,-164.36,22.33,6818,4085
53,22,989.81,22.66,-164.36,22.33,6820,5483
53,22,989.81,22.66,-164.33,22.33,6821,6608
53,22,989.81,22.66,-164.34,22.33,6822,8005
53,22,989.81,22.66,-164.36,22.33,6823,9132
53,22,989.81,22.66,-164.30,22.33,6825,10529
53,22,989.81,22.65,-164.30,22.33,6826,11656
53,22,989.81,22.65,-164.30,22.33,6827,13053
53,22,989.81,22.65,-164.34,22.33,6828,14181
53,22,989.81,22.65,-164.34,22.33,6830,15579
53,22,989.81,22.65,-164.35,22.33,6831,16706
53,22,989.81,22.65,-164.34,22.33,6832,18105
53,22,989.81,22.65,-164.31,22.33,6834,19231
54,22,989.81,22.65,-164.31,22.33,6835,20629
54,22,989.81,22.65,-164.31,22.33,6836,21756
53,22,989.81,22.65,-164.32,22.33,6837,23155
53,22,989.81,22.64,-164.29,22.32,6839,24282
53,22,989.81,22.64,-164.31,22.32,6840,25712
53,22,989.81,22.64,-164.32,22.32,6841,26840
53,22,989.81,22.65,-164.35,22.33,6843,28238
53,22,989.81,22.65,-164.37,22.33,6844,29365
53,22,989.81,22.65,-164.37,22.33,6845,30763
53,22,989.81,22.65,-164.34,22.33,6846,31890
53,22,989.81,22.65,-164.34,22.33,6848,-32248
53,22,989.80,22.65,-164.28,22.33,6849,-31120
53,22,989.80,22.65,-164.28,22.33,6850,-29720
53,22,989.81,22.65,-164.32,22.33,6851,-28593
53,22,989.81,22.65,-164.32,22.33,6853,-27194
53,22,989.81,22.65,-164.31,22.33,6854,-26065
53,22,989.80,22.65,-164.28,22.33,6855,-24666
53,22,989.80,22.65,-164.28,22.33,6856,-23538
53,22,989.81,22.65,-164.33,22.33,6858,-22138
53,22,989.81,22.65,-164.34,22.33,6859,-21011
53,22,989.81,22.65,-164.31,22.33,6860,-19612
53,22,989.81,22.65,-164.35,22.33,6861,-18484
53,22,989.81,22.65,-164.34,22.33,6863,-17084
53,22,989.81,22.65,-164.35,22.33,6864,-15956
53,22,989.81,22.65,-164.32,22.33,6865,-14558
53,22,989.81,22.65,-164.31,22.33,6866,-13429
53,22,989.81,22.65,-164.33,22.33,6868,-12030
53,22,989.81,22.65,-164.30,22.33,6869,-10902
53,22,989.81,22.65,-164.31,22.33,6870,-9502
53,22,989.80,22.65,-164.28,22.33,6871,-8376
53,22,989.80,22.65,-164.28,22.33,6873,-6978
53,22,989.81,22.66,-164.31,22.33,6874,-5851
53,22,989.81,22.66,-164.33,22.33,6875,-4452
53,22,989.81,22.66,-164.31,22.33,6876,-3325
53,22,989.80,22.66,-164.29,22.33,6878,-1927
53,22,989.81,22.66,-164.31,22.33,6879,-800
53,22,989.81,22.66,-164.33,22.33,6880,596
53,22,989.81,22.66,-164.36,22.33,6882,1722
53,22,989.81,22.66,-164.38,22.33,6883,3120
53,22,989.82,22.66,-164.40,22.33,6884,4245
53,22,989.82,22.66,-164.42,22.33,6885,5642
53,22,989.82,22.66,-164.42,22.33,6887,6768
53,22,989.82,22.67,-164.43,22.33,6888,8166
53,22,989.82,22.67,-164.46,22.33,6889,9291
53,22,989.82,22.67,-164.46,22.33,6891,10688
53,22,989.82,22.67,-164.43,22.33,6892,11815
53,22,989.82,22.67,-164.43,22.33,6893,13213
53,22,989.82,22.67,-164.43,22.33,6894,14340
53,22,989.82,22.67,-164.43,22.33,6896,15738
53,22,989.82,22.67,-164.43,22.33,6897,16865
53,22,989.82,22.67,-164.43,22.33,6898,18263
53,22,989.82,22.67,-164.41,22.33,6899,19390
53,22,989.82,22.67,-164.42,22.33,6901,20789
53,22,989.82,22.67,-164.38,22.33,6902,21915
53,22,989.82,22.67,-164.41,22.33,6903,23313
53,22,989.81,22.67,-164.37,22.33,6904,24440
53,22,989.81,22.67,-164.30,22.33,6906,25838
53,22,989.81,22.67,-164.30,22.33,6907,26964
54,22,989.80,22.67,-164.29,22.33,6908,28362
54,22,989.80,22.67,-164.29,22.33,6909,29490
54,22,989.81,22.67,-164.31,22.33,6911,30887
54,22,989.81,22.67,-164.31,22.33,6912,32015
54,22,989.81,22.67,-164.35,22.33,6913,-32122
54,22,989.81,22.67,-164.37,22.33,6914,-30995
54,22,989.81,22.67,-164.35,22.33,6916,-29596
54,22,989.81,22.67,-164.37,22.33,6917,-28468
54,22,989.82,22.67,-164.38,22.33,6918,-27068
54,22,989.82,22.67,-164.38,22.33,6919,-25940
54,22,989.81,22.67,-164.36,22.33,6921,-24542
54,22,989.81,22.67,-164.34,22.33,6922,-23413
54,22,989.81,22.67,-164.36,22.33,6923,-22014
54,22,989.81,22.67,-164.36,22.33,6924,-20887
54,22,989.81,22.67,-164.36,22.33,6926,-19487
54,22,989.82,22.67,-164.38,22.33,6927,-18360
54,22,989.81,22.67,-164.34,22.33,6928,-16961
54,22,989.82,22.67,-164.38,22.33,6930,-15833
54,22,989.81,22.67,-164.34,22.33,6931,-14433
54,22,989.81,22.67,-164.36,22.33,6932,-13305
54,22,989.82,22.67,-164.38,22.33,6933,-11907
54,22,989.82,22.67,-164.41,22.33,6935,-10778
54,22,989.82,22.67,-164.39,22.33,6936,-9378
54,22,989.82,22.67,-164.38,22.33,6937,-8241
53,22,989.82,22.67,-164.41,22.33,6939,-6843
53,22,989.81,22.67,-164.37,22.33,6940,-5715
53,22,989.81,22.67,-164.32,22.33,6941,-4318
53,22,989.81,22.67,-164.32,22.33,6942,-3190
53,22,989.81,22.67,-164.32,22.33,6944,-1791
53,22,989.81,22.67,-164.30,22.33,6945,-665
53,22,989.81,22.67,-164.33,22.33,6946,732
53,22,989.81,22.67,-164.34,22.33,6947,1857
53,22,989.81,22.67,-164.32,22.33,6949,3255
53,22,989.81,22.67,-164.32,22.33,6950,4380
53,22,989.81,22.67,-164.30,22.33,6951,5777
53,22,989.81,22.67,-164.30,22.33,6952,6903
53,22,989.80,22.67,-164.29,22.33,6954,8301
53,22,989.80,22.67,-164.29,22.33,6955,9426
53,22,989.80,22.67,-164.27,22.33,6956,10823
53,22,989.80,22.67,-164.27,22.33,6957,11951
53,22,989.80,22.67,-164.29,22.33,6959,13348
53,22,989.80,22.67,-164.29,22.33,6960,14476
53,22,989.80,22.66,-164.25,22.33,6961,15875
53,22,989.80,22.66,-164.27,22.33,6962,17001
53,22,989.80,22.66,-164.27,22.33,6964,18399
53,22,989.80,22.66,-164.25,22.33,6965,19526
53,22,989.80,22.66,-164.27,22.33,6966,20925
53,22,989.80,22.66,-164.27,22.33,6967,22051
53,22,989.80,22.66,-164.25,22.33,6969,23449
53,22,989.80,22.66,-164.25,22.33,6970,24577
53,22,989.80,22.66,-164.27,22.33,6971,25974
53,22,989.80,22.66,-164.24,22.33,6972,27102
53,22,989.80,22.66,-164.25,22.33,6974,28500
53,22,989.80,22.66,-164.25,22.33,6975,29627
53,22,989.80,22.66,-164.27,22.33,6976,31025
53,22,989.80,22.66,-164.29,22.33,6978,32152
53,22,989.81,22.66,-164.31,22.33,6979,-31985
53,22,989.81,22.66,-164.34,22.33,6980,-30858
53,22,989.81,22.66,-164.31,22.33,6981,-29458
53,22,989.81,22.66,-164.34,22.33,6983,-28330
53,22,989.81,22.66,-164.36,22.33,6984,-26932
53,22,989.81,22.66,-164.36,22.33,6985,-25803
53,22,989.81,22.66,-164.37,22.33,6986,-24403
53,22,989.82,22.66,-164.39,22.33,6988,-23276
53,22,989.81,22.66,-164.36,22.33,6989,-21877
53,22,989.81,22.66,-164.36,22.33,6990,-20749
53,22,989.81,22.66,-164.36,22.33,6992,-19350
53,22,989.81,22.66,-164.34,22.33,6993,-18222
53,22,989.81,22.66,-164.38,22.33,6994,-16822
53,22,989.81,22.66,-164.36,22.33,6995,-15694
54,22,989.81,22.66,-164.38,22.33,6997,-14296
54,22,989.81,22.66,-164.38,22.33,6998,-13167
54,22,989.81,22.66,-164.34,22.33,6999,-11767
54,22,989.81,22.66,-164.37,22.33,7000,-10640
54,22,989.81,22.66,-164.34,22.33,7002,-9241
54,22,989.81,22.66,-164.36,22.33,7003,-8114
54,22,989.81,22.66,-164.36,22.33,7004,-6716
54,22,989.81,22.65,-164.35,22.33,7005,-5588
54,22,989.81,22.65,-164.35,22.33,7007,-4190
54,22,989.81,22.65,-164.37,22.33,7008,-3063
54,22,989.81,22.65,-164.37,22.33,7009,-1666
54,22,989.81,22.65,-164.34,22.33,7010,-538
54,22,989.81,22.65,-164.34,22.33,7012,860
54,22,989.81,22.65,-164.34,22.33,7013,1984
54,22,989.81,22.65,-164.37,22.33,7014,3381
54,22,989.82,22.65,-164.40,22.33,7015,4507
54,22,989.81,22.65,-164.37,22.33,7017,5905
54,22,989.81,22.65,-164.34,22.33,7018,7030
54,22,989.81,22.64,-164.31,22.32,7019,8427
54,22,989.81,22.64,-164.32,22.32,7020,9553
54,21,989.81,22.64,-164.32,21.82,7022,10951
54,21,989.80,22.64,-164.28,21.82,7023,12078
54,22,989.80,22.64,-164.26,22.32,7024,13475
54,22,989.80,22.64,-164.25,22.32,7025,14603
54,21,989.80,22.64,-164.26,21.82,7027,16001
54,21,989.80,22.64,-164.26,21.82,7028,17128
54,21,989.80,22.64,-164.28,21.82,7029,18527
54,21,989.80,22.64,-164.28,21.82,7031,19653
54,21,989.80,22.64,-164.26,21.82,7032,21051
54,21,989.80,22.64,-164.28,21.82,7033,22178
54,22,989.81,22.64,-164.34,22.32,7034,23577
54,22,989.81,22.63,-164.32,22.31,7036,24704
54,21,989.81,22.63,-164.37,21.81,7037,26102
54,21,989.82,22.63,-164.39,21.81,7038,27229
54,21,989.82,22.63,-164.41,21.81,7040,28626
54,21,989.82,22.63,-164.39,21.81,7041,29754
54,21,989.82,22.63,-164.39,21.81,7042,31153
54,21,989.82,22.63,-164.39,21.81,7043,32279
54,22,989.82,22.63,-164.39,22.31,7045,-31859
54,22,989.82,22.63,-164.39,22.31,7046,-30731
54,22,989.82,22.63,-164.39,22.31,7047,-29332
54,22,989.82,22.63,-164.38,22.31,7048,-28204
54,22,989.81,22.63,-164.37,22.31,7050,-26804
54,22,989.81,22.63,-164.32,22.31,7051,-25676
54,22,989.81,22.63,-164.35,22.31,7052,-24277
54,22,989.81,22.63,-164.32,22.31,7053,-23149
54,22,989.81,22.63,-164.32,22.31,7055,-21749
54,22,989.81,22.64,-164.34,22.32,7056,-20622
54,21,989.81,22.64,-164.32,21.82,7057,-19223
54,21,989.81,22.64,-164.32,21.82,7058,-18095
54,22,989.81,22.64,-164.32,22.32,7060,-16696
54,22,989.81,22.64,-164.32,22.32,7061,-15567
54,22,989.81,22.64,-164.34,22.32,7062,-14168
54,22,989.81,22.64,-164.35,22.32,7063,-13040
54,22,989.81,22.64,-164.35,22.32,7065,-11641
54,22,989.81,22.64,-164.37,22.32,7066,-10513
54,22,989.81,22.64,-164.37,22.32,7067,-9113
54,22,989.82,22.65,-164.38,22.33,7068,-7987
54,21,989.81,22.65,-164.37,21.83,7070,-6589
54,21,989.81,22.65,-164.37,21.83,7071,-5461
54,21,989.81,22.65,-164.35,21.83,7072,-4064
54,21,989.81,22.65,-164.32,21.83,7073,-2936
54,21,989.81,22.65,-164.32,21.83,7075,-1538
54,21,989.81,22.65,-164.32,21.83,7076,-411
54,22,989.81,22.65,-164.31,22.33,7077,986
54,22,989.81,22.65,-164.30,22.33,7079,2111
54,22,989.80,22.65,-164.27,22.33,7080,3509
54,22,989.80,22.66,-164.29,22.33,7081,4668
54,22,989.80,22.66,-164.27,22.33,7082,6065
54,22,989.80,22.66,-164.25,22.33,7084,7191
54,22,989.81,22.66,-164.30,22.33,7085,8589
54,22,989.80,22.66,-164.25,22.33,7086,9714
54,22,989.80,22.66,-164.23,22.33,7088,11111
54,22,989.80,22.66,-164.23,22.33,7089,12238
54,22,989.80,22.66,-164.21,22.33,7090,13637
54,22,989.80,22.66,-164.21,22.33,7091,14764
54,21,989.80,22.66,-164.23,21.83,7093,16162
54,21,989.80,22.66,-164.24,21.83,7094,17289
54,22,989.80,22.66,-164.24,22.33,7095,18686
54,22,989.80,22.66,-164.24,22.33,7096,19814
54,22,989.81,22.66,-164.31,22.33,7098,21213
54,22,989.81,22.66,-164.33,22.33,7099,22339
54,22,989.81,22.66,-164.33,22.33,7100,23737
54,22,989.81,22.65,-164.33,22.33,7101,24864
54,22,989.81,22.65,-164.33,22.33,7103,26263
54,22,989.81,22.65,-164.34,22.33,7104,27389
54,22,989.81,22.66,-164.37,22.33,7105,28787
54,22,989.81,22.66,-164.37,22.33,7106,29915
54,22,989.82,22.66,-164.40,22.33,7108,31313
54,22,989.82,22.66,-164.40,22.33,7109,32440
54,22,989.82,22.66,-164.40,22.33,7110,-31698
54,22,989.82,22.66,-164.43,22.33,7111,-30570
54,22,989.82,22.66,-164.45,22.33,7113,-29171
54,22,989.82,22.66,-164.45,22.33,7114,-28043
54,22,989.83,22.67,-164.47,22.33,7115,-26643
54,22,989.82,22.67,-164.45,22.33,7116,-25516
54,22,989.82,22.67,-164.43,22.33,7118,-24117
54,22,989.82,22.67,-164.46,22.33,7119,-22988
54,22,989.82,22.67,-164.46,22.33,7120,-21588
54,22,989.82,22.67,-164.46,22.33,7122,-20461
54,22,989.82,22.67,-164.38,22.33,7123,-19062
54,22,989.81,22.67,-164.36,22.33,7124,-17934
54,22,989.81,22.67,-164.33,22.33,7125,-16535
54,22,989.81,22.67,-164.34,22.33,7127,-15407
54,22,989.81,22.66,-164.33,22.33,7128,-14007
54,22,989.81,22.66,-164.31,22.33,7129,-12879
54,22,989.81,22.66,-164.34,22.33,7130,-11481
54,22,989.81,22.66,-164.31,22.33,7132,-10352
54,22,989.81,22.66,-164.34,22.33,7133,-8952
54,22,989.81,22.66,-164.33,22.33,7134,-7826
54,22,989.81,22.65,-164.30,22.33,7136,-6428
54,22,989.81,22.65,-164.30,22.33,7137,-5301
54,22,989.81,22.65,-164.30,22.33,7138,-3902
54,22,989.80,22.65,-164.26,22.33,7139,-2776
54,22,989.80,22.65,-164.26,22.33,7141,-1378
54,22,989.80,22.65,-164.28,22.33,7142,-250
54,22,989.80,22.64,-164.26,22.32,7143,1146
54,22,989.80,22.64,-164.28,22.32,7144,2272
54,22,989.80,22.64,-164.26,22.32,7146,3668
54,22,989.80,22.64,-164.28,22.32,7147,4795
54,22,989.80,22.64,-164.28,22.32,7148,6192
54,22,989.81,22.64,-164.32,22.32,7149,7317
54,22,989.81,22.64,-164.31,22.32,7151,8714
54,22,989.81,22.64,-164.32,22.32,7152,9840
54,22,989.81,22.64,-164.32,22.32,7153,11237
54,22,989.81,22.64,-164.34,22.32,7154,12364
54,22,989.81,22.64,-164.32,22.32,7156,13763
54,22,989.81,22.64,-164.32,22.32,7157,14889
54,22,989.81,22.64,-164.31,22.32,7158,16287
54,22,989.81,22.64,-164.30,22.32,7159,17415
54,22,989.81,22.64,-164.32,22.32,7161,18813
54,22,989.81,22.64,-164.29,22.32,7162,19940
54,22,989.80,22.64,-164.28,22.32,7163,21338
54,22,989.80,22.64,-164.26,22.32,7164,22465
54,22,989.81,22.64,-164.31,22.32,7166,23864
54,22,989.81,22.64,-164.31,22.32,7167,24990
54,21,989.81,22.65,-164.32,21.83,7168,26388
54,21,989.81,22.65,-164.35,21.83,7169,27515
54,22,989.81,22.65,-164.37,22.33,7171,28913
54,22,989.81,22.65,-164.37,22.33,7172,30041
54,22,989.82,22.65,-164.38,22.33,7173,31438
54,22,989.81,22.64,-164.35,22.32,7175,32565
54,21,989.82,22.64,-164.40,21.82,7176,-31573
54,21,989.82,22.64,-164.41,21.82,7177,-30445
54,21,989.81,22.64,-164.37,21.82,7178,-29045
54,21,989.81,22.64,-164.37,21.82,7180,-27918
54,21,989.81,22.64,-164.37,21.82,7181,-26518
54,21,989.82,22.64,-164.38,21.82,7182,-25391
54,21,989.81,22.63,-164.37,21.81,7184,-23992
54,21,989.82,22.63,-164.38,21.81,7185,-22863
54,22,989.81,22.63,-164.37,22.31,7186,-21464
54,22,989.81,22.63,-164.37,22.31,7187,-20336
54,21,989.82,22.63,-164.38,21.81,7189,-18937
54,21,989.81,22.63,-164.37,21.81,7190,-17809
54,22,989.81,22.63,-164.33,22.31,7191,-16410
54,22,989.81,22.63,-164.35,22.31,7192,-15282
54,21,989.80,22.63,-164.29,21.81,7194,-13882
54,21,989.80,22.63,-164.29,21.81,7195,-12754
54,21,989.80,22.63,-164.29,21.81,7196,-11356
54,21,989.80,22.63,-164.29,21.81,7197,-10227
54,22,989.80,22.63,-164.24,22.31,7199,-8828
54,22,989.80,22.63,-164.26,22.31,7200,-7701
54,22,989.80,22.63,-164.26,22.31,7201,-6302
54,22,989.80,22.63,-164.28,22.31,7202,-5176
54,22,989.80,22.63,-164.26,22.31,7204,-3778
54,22,989.80,22.63,-164.24,22.31,7205,-2651
54,21,989.80,22.63,-164.24,21.81,7206,-1252
54,21,989.80,22.63,-164.22,21.81,7207,-125
54,21,989.80,22.63,-164.22,21.81,7209,1271
54,21,989.79,22.63,-164.20,21.81,7210,2398
54,21,989.79,22.63,-164.20,21.81,7211,3794
54,21,989.80,22.63,-164.25,21.81,7212,4921
54,21,989.80,22.63,-164.22,21.81,7214,6319
54,21,989.80,22.63,-164.22,21.81,7215,7444
54,22,989.80,22.63,-164.26,22.31,7216,8841
54,22,989.80,22.63,-164.26,22.31,7217,9967
54,21,989.80,22.63,-164.26,21.81,7219,11365
54,21,989.80,22.63,-164.26,21.81,7220,12491
54,21,989.80,22.63,-164.29,21.81,7221,13889
54,21,989.81,22.63,-164.32,21.81,7223,15016
54,21,989.81,22.63,-164.31,21.81,7224,16414
54,21,989.81,22.63,-164.31,21.81,7225,17542
54,21,989.81,22.63,-164.32,21.81,7226,18940
54,21,989.81,22.63,-164.32,21.81,7228,20067
54,22,989.81,22.63,-164.31,22.31,7229,21465
54,22,989.80,22.63,-164.26,22.31,7230,22592
54,21,989.80,22.63,-164.26,21.81,7231,23990
54,21,989.80,22.63,-164.28,21.81,7233,25116
54,21,989.80,22.63,-164.28,21.81,7234,26515
54,21,989.80,22.63,-164.23,21.81,7235,27641
54,22,989.80,22.63,-164.23,22.31,7237,29039
54,22,989.80,22.63,-164.23,22.31,7238,30167
54,21,989.80,22.63,-164.22,21.81,7239,31565
54,21,989.80,22.63,-164.22,21.81,7240,32692
54,21,989.80,22.63,-164.22,21.81,7242,-31447
54,21,989.80,22.63,-164.22,21.81,7243,-30318
54,21,989.80,22.63,-164.22,21.81,7244,-28919
54,21,989.80,22.63,-164.23,21.81,7245,-27791
54,22,989.79,22.63,-164.20,22.31,7247,-26391
54,22,989.79,22.63,-164.17,22.31,7248,-25264
54,21,989.79,22.63,-164.20,21.81,7249,-23865
54,21,989.79,22.63,-164.19,21.81,7250,-22736
54,21,989.79,22.63,-164.20,21.81,7252,-21338
54,21,989.79,22.63,-164.18,21.81,7253,-20209
54,21,989.79,22.63,-164.18,21.81,7254,-18809
54,21,989.79,22.63,-164.18,21.81,7255,-17682
54,21,989.79,22.63,-164.19,21.81,7257,-16283
54,21,989.79,22.63,-164.20,21.81,7258,-15155
54,21,989.79,22.63,-164.20,21.81,7259,-13756
54,21,989.79,22.63,-164.20,21.81,7260,-12627
54,21,989.80,22.63,-164.24,21.81,7262,-11228
54,21,989.80,22.63,-164.23,21.81,7263,-10100
54,22,989.80,22.63,-164.24,22.31,7264,-8701
54,22,989.80,22.63,-164.26,22.31,7265,-7574
54,21,989.80,22.63,-164.26,21.81,7267,-6176
54,21,989.80,22.63,-164.26,21.81,7268,-5047
54,21,989.80,22.63,-164.26,21.81,7269,-3649
54,21,989.80,22.63,-164.23,21.81,7271,-2522
54,21,989.80,22.63,-164.23,21.81,7272,-1123
54,21,989.80,22.63,-164.22,21.81,7273,4
54,21,989.80,22.64,-164.26,21.82,7274,1397
54,21,989.80,22.64,-164.26,21.82,7276,2524
54,22,989.80,22.63,-164.23,22.31,7277,3920
54,22,989.80,22.63,-164.23,22.31,7278,5047
54,21,989.80,22.63,-164.25,21.81,7279,6444
54,21,989.80,22.63,-164.25,21.81,7281,7569
54,21,989.80,22.63,-164.23,21.81,7282,8966
54,21,989.80,22.63,-164.22,21.81,7283,10092
54,22,989.79,22.63,-164.17,22.31,7285,11491
54,22,989.79,22.63,-164.19,22.31,7286,12617
54,22,989.79,22.63,-164.16,22.31,7287,14015
54,22,989.79,22.63,-164.17,22.31,7288,15142
54,22,989.79,22.63,-164.16,22.31,7290,16541
54,22,989.79,22.63,-164.16,22.31,7291,17668
54,22,989.79,22.63,-164.16,22.31,7292,19065
54,22,989.79,22.63,-164.14,22.31,7293,20193
54,21,989.79,22.63,-164.14,21.81,7295,21591
54,21,989.79,22.63,-164.17,21.81,7296,22718
54,21,989.79,22.63,-164.20,21.81,7297,24117
54,21,989.80,22.63,-164.23,21.81,7298,25243
54,22,989.80,22.63,-164.24,22.31,7300,26641
54,22,989.80,22.63,-164.26,22.31,7301,27768
54,22,989.80,22.63,-164.24,22.31,7302,29167
54,22,989.80,22.63,-164.26,22.31,7303,30294
54,21,989.80,22.63,-164.24,21.81,7305,31692
54,21,989.80,22.63,-164.24,21.81,7306,-32717
54,21,989.80,22.63,-164.24,21.81,7307,-31319
54,21,989.80,22.63,-164.24,21.81,7308,-30190
54,21,989.80,22.63,-164.24,21.81,7310,-28790
54,21,989.80,22.63,-164.26,21.81,7311,-27663
54,22,989.80,22.63,-164.24,22.31,7312,-26264
54,22,989.80,22.63,-164.24,22.31,7313,-25136
54,21,989.80,22.63,-164.28,21.81,7315,-23737
54,21,989.80,22.63,-164.28,21.81,7316,-22608
54,22,989.80,22.63,-164.26,22.31,7317,-21209
54,22,989.80,22.63,-164.24,22.31,7318,-20081
54,22,989.80,22.63,-164.23,22.31,7320,-18682
54,22,989.80,22.63,-164.23,22.31,7321,-17554
54,21,989.80,22.63,-164.23,21.81,7322,-16155
54,21,989.80,22.62,-164.23,21.81,7324,-15027
54,21,989.80,22.62,-164.24,21.81,7325,-13627
54,21,989.80,22.62,-164.24,21.81,7326,-12499
54,22,989.80,22.62,-164.24,22.31,7327,-11101
54,22,989.80,22.62,-164.21,22.31,7329,-9972
54,22,989.80,22.62,-164.23,22.31,7330,-8553
54,22,989.80,22.62,-164.27,22.31,7331,-7427
54,22,989.80,22.62,-164.24,22.31,7333,-6029
54,22,989.80,22.62,-164.25,22.31,7334,-4901
54,22,989.80,22.62,-164.23,22.31,7335,-3504
54,22,989.80,22.62,-164.24,22.31,7336,-2376
54,21,989.81,22.62,-164.30,21.81,7338,-977
54,21,989.80,22.62,-164.29,21.81,7339,148
54,22,989.81,22.62,-164.30,22.31,7340,1544
54,22,989.81,22.62,-164.30,22.31,7341,2670
54,21,989.80,22.62,-164.27,21.81,7343,4068
54,21,989.80,22.62,-164.27,21.81,7344,5193
54,21,989.81,22.62,-164.30,21.81,7345,6590
54,21,989.81,22.62,-164.31,21.81,7346,7716
54,21,989.81,22.62,-164.33,21.81,7348,9113
54,21,989.81,22.62,-164.34,21.81,7349,10240
54,21,989.80,22.62,-164.29,21.81,7350,11638
54,21,989.80,22.62,-164.29,21.81,7351,12765
54,21,989.81,22.62,-164.31,21.81,7353,14162
54,21,989.81,22.62,-164.33,21.81,7354,15290
54,21,989.81,22.62,-164.36,21.81,7355,16688
54,21,989.81,22.62,-164.36,21.81,7356,17815
54,21,989.81,22.62,-164.37,21.81,7358,19214
54,21,989.82,22.62,-164.39,21.81,7359,20340
54,22,989.82,22.61,-164.39,22.31,7360,21751
54,22,989.82,22.61,-164.39,22.31,7361,22879
54,21,989.82,22.61,-164.39,21.81,7363,24276
54,21,989.82,22.61,-164.43,21.81,7364,25404
54,21,989.82,22.61,-164.43,21.81,7365,26803
54,21,989.82,22.61,-164.43,21.81,7366,27929
54,21,989.82,22.61,-164.43,21.81,7368,29327
54,21,989.82,22.60,-164.41,21.80,7369,30454
54,21,989.82,22.60,-164.44,21.80,7370,31852
54,21,989.82,22.60,-164.44,21.80,7372,-32558
54,21,989.82,22.60,-164.46,21.80,7373,-31158
54,21,989.83,22.60,-164.47,21.80,7374,-30030
54,21,989.83,22.60,-164.49,21.80,7375,-28632
54,21,989.82,22.60,-164.46,21.80,7377,-27503
54,21,989.83,22.60,-164.47,21.80,7378,-26104
54,21,989.83,22.60,-164.50,21.80,7379,-24976
54,21,989.83,22.60,-164.50,21.80,7381,-23576
54,21,989.83,22.60,-164.50,21.80,7382,-22449
54,21,989.83,22.60,-164.47,21.80,7383,-21050
54,21,989.83,22.60,-164.47,21.80,7384,-19921
54,21,989.83,22.60,-164.47,21.80,7386,-18523
54,21,989.83,22.60,-164.47,21.80,7387,-17394
54,21,989.83,22.60,-164.50,21.80,7388,-15994
54,21,989.83,22.60,-164.50,21.80,7389,-14867
54,21,989.83,22.60,-164.52,21.80,7391,-13468
54,21,989.83,22.60,-164.52,21.80,7392,-12340
54,21,989.83,22.60,-164.49,21.80,7393,-10941
54,21,989.83,22.60,-164.47,21.80,7394,-9812
54,21,989.83,22.60,-164.47,21.80,7396,-8414
54,21,989.82,22.60,-164.44,21.80,7397,-7287
54,21,989.82,22.60,-164.44,21.80,7398,-5890
54,21,989.83,22.60,-164.50,21.80,7399,-4762
54,21,989.83,22.60,-164.49,21.80,7401,-3364
54,21,989.82,22.60,-164.46,21.80,7402,-2237
54,21,989.82,22.60,-164.41,21.80,7403,-838
54,21,989.82,22.60,-164.40,21.80,7404,287
54,21,989.82,22.60,-164.40,21.80,7406,1684
54,21,989.82,22.60,-164.42,21.80,7407,2810
54,21,989.82,22.60,-164.41,21.80,7408,4207
54,21,989.82,22.60,-164.40,21.80,7409,5334
54,21,989.82,22.60,-164.41,21.80,7411,6731
54,21,989.82,22.60,-164.38,21.80,7412,7857
54,21,989.82,22.60,-164.38,21.80,7413,9253
54,21,989.82,22.60,-164.38,21.80,7414,10380
54,21,989.81,22.59,-164.37,21.80,7416,11778
54,21,989.81,22.59,-164.37,21.80,7417,12904
54,21,989.82,22.59,-164.41,21.80,7418,14303
54,21,989.82,22.59,-164.39,21.80,7420,15429
54,21,989.81,22.59,-164.36,21.80,7421,16827
54,21,989.81,22.58,-164.36,21.79,7422,17954
54,21,989.81,22.58,-164.36,21.79,7423,19353
54,21,989.81,22.58,-164.34,21.79,7425,20480
54,21,989.81,22.58,-164.34,21.79,7426,21878
54,21,989.81,22.57,-164.32,21.78,7427,23005
54,21,989.81,22.57,-164.34,21.78,7429,24402
54,21,989.81,22.57,-164.35,21.78,7430,25530
54,21,989.82,22.57,-164.40,21.78,7431,26929
54,21,989.82,22.57,-164.39,21.78,7432,28055
54,21,989.82,22.57,-164.39,21.78,7434,29453
54,21,989.81,22.57,-164.37,21.78,7435,30580
54,21,989.82,22.57,-164.40,21.78,7436,31978
54,21,989.82,22.57,-164.40,21.78,7437,-32431
54,21,989.82,22.57,-164.40,21.78,7439,-31031
54,21,989.82,22.57,-164.40,21.78,7440,-29903
54,21,989.82,22.57,-164.44,21.78,7441,-28505
54,21,989.82,22.57,-164.43,21.78,7442,-27376
54,21,989.82,22.58,-164.43,21.79,7444,-25977
54,21,989.82,22.58,-164.45,21.79,7445,-24849
54,21,989.82,22.58,-164.43,21.79,7446,-23449
54,21,989.82,22.58,-164.45,21.79,7447,-22322
54,21,989.82,22.58,-164.43,21.79,7449,-20923
54,21,989.82,22.58,-164.43,21.79,7450,-19794
54,21,989.82,22.59,-164.46,21.80,7451,-18383
54,21,989.82,22.59,-164.43,21.80,7452,-17255
54,21,989.82,22.59,-164.41,21.80,7454,-15856
54,21,989.82,22.59,-164.38,21.80,7455,-14728
54,21,989.82,22.59,-164.42,21.80,7456,-13328
54,21,989.82,22.59,-164.41,21.80,7457,-12200
54,21,989.82,22.59,-164.39,21.80,7459,-10802
54,21,989.82,22.59,-164.41,21.80,7460,-9673
54,21,989.82,22.59,-164.39,21.80,7461,-8275
54,21,989.81,22.59,-164.35,21.80,7462,-7148
54,21,989.81,22.59,-164.32,21.80,7464,-5750
54,21,989.81,22.59,-164.31,21.80,7465,-4624
54,21,989.80,22.59,-164.28,21.80,7466,-3226
54,21,989.81,22.60,-164.31,21.80,7468,-2099
54,21,989.80,22.60,-164.29,21.80,7469,-700
54,21,989.80,22.60,-164.29,21.80,7470,425
54,21,989.80,22.60,-164.28,21.80,7471,1822
54,21,989.80,22.60,-164.26,21.80,7473,2948
54,21,989.80,22.59,-164.26,21.80,7474,4344
54,21,989.80,22.59,-164.28,21.80,7475,5471
54,21,989.80,22.59,-164.28,21.80,7477,6868
54,21,989.80,22.59,-164.29,21.80,7478,7994
54,21,989.81,22.59,-164.31,21.80,7479,9391
54,21,989.81,22.59,-164.31,21.80,7480,10517
54,21,989.81,22.59,-164.31,21.80,7482,11915
54,21,989.80,22.59,-164.29,21.80,7483,13041
54,21,989.81,22.59,-164.31,21.80,7484,14440
54,21,989.80,22.59,-164.29,21.80,7485,15566
54,21,989.81,22.59,-164.32,21.80,7487,16964
54,21,989.81,22.59,-164.33,21.80,7488,18092
54,21,989.81,22.59,-164.32,21.80,7489,19490
54,21,989.81,22.59,-164.37,21.80,7490,20617
54,21,989.81,22.59,-164.32,21.80,7492,22016
54,21,989.81,22.59,-164.37,21.80,7493,23142
54,21,989.81,22.59,-164.35,21.80,7494,24540
54,21,989.81,22.59,-164.33,21.80,7495,25667
54,21,989.81,22.59,-164.33,21.80,7497,27066
54,21,989.81,22.59,-164.30,21.80,7498,28192
54,21,989.80,22.59,-164.28,21.80,7499,29590
54,21,989.80,22.59,-164.29,21.80,7500,30717
54,21,989.81,22.59,-164.32,21.80,7502,32115
54,21,989.81,22.59,-164.33,21.80,7503,-32293
54,21,989.81,22.59,-164.34,21.80,7504,-30894
54,21,989.81,22.58,-164.33,21.79,7505,-29766
54,21,989.82,22.58,-164.42,21.79,7507,-28367
54,21,989.83,22.59,-164.48,21.80,7508,-27239
54,21,989.82,22.58,-164.45,21.79,7509,-25840
54,21,989.83,22.58,-164.48,21.79,7510,-24712
54,21,989.82,22.58,-164.43,21.79,7512,-23312
54,21,989.82,22.58,-164.43,21.79,7513,-22184
54,21,989.82,22.58,-164.45,21.79,7514,-20786
54,21,989.82,22.58,-164.40,21.79,7516,-19657
54,21,989.82,22.58,-164.40,21.79,7517,-18258
54,21,989.82,22.58,-164.40,21.79,7518,-17130
54,21,989.82,22.58,-164.40,21.79,7519,-15730
54,21,989.82,22.58,-164.42,21.79,7521,-14603
54,21,989.82,22.57,-164.40,21.78,7522,-13203
54,21,989.82,22.57,-164.39,21.78,7523,-12076
54,21,989.82,22.57,-164.39,21.78,7525,-10677
54,21,989.82,22.57,-164.39,21.78,7526,-9548
54,21,989.81,22.57,-164.37,21.78,7527,-8149
54,21,989.82,22.57,-164.39,21.78,7528,-7023
54,21,989.81,22.57,-164.37,21.78,7530,-5624
54,21,989.81,22.57,-164.35,21.78,7531,-4498
54,21,989.81,22.57,-164.35,21.78,7532,-3100
54,21,989.81,22.57,-164.34,21.78,7533,-1973
54,21,989.81,22.57,-164.35,21.78,7535,-574
54,21,989.81,22.57,-164.34,21.78,7536,551
54,21,989.81,22.57,-164.32,21.78,7537,1947
54,21,989.81,22.57,-164.37,21.78,7538,3074
54,21,989.82,22.58,-164.40,21.79,7540,4470
54,21,989.82,22.58,-164.42,21.79,7541,5614
54,21,989.82,22.58,-164.40,21.79,7542,7011
54,21,989.82,22.58,-164.40,21.79,7543,8137
54,21,989.82,22.58,-164.39,21.79,7545,9534
54,21,989.81,22.58,-164.37,21.79,7546,10659
54,21,989.81,22.58,-164.36,21.79,7547,12058
54,21,989.81,22.58,-164.34,21.79,7548,13185
54,21,989.81,22.58,-164.36,21.79,7550,14582
54,21,989.81,22.58,-164.37,21.79,7551,15710
54,21,989.82,22.58,-164.40,21.79,7552,17108
54,21,989.82,22.58,-164.42,21.79,7553,18235
54,21,989.82,22.58,-164.42,21.79,7555,19634
54,21,989.81,22.57,-164.37,21.78,7556,20760
54,21,989.82,22.58,-164.39,21.79,7557,22158
54,21,989.82,22.58,-164.39,21.79,7558,23285
54,21,989.81,22.58,-164.37,21.79,7560,24684
54,21,989.81,22.58,-164.34,21.79,7561,25810
54,21,989.81,22.58,-164.34,21.79,7562,27208
54,21,989.81,22.58,-164.34,21.79,7564,28336
54,21,989.81,22.58,-164.34,21.79,7565,29733
54,21,989.81,22.57,-164.32,21.78,7566,30861
54,21,989.81,22.57,-164.35,21.78,7567,32260
54,21,989.81,22.57,-164.34,21.78,7569,-32150
54,21,989.81,22.57,-164.34,21.78,7570,-30751
54,21,989.81,22.57,-164.35,21.78,7571,-29623
54,21,989.81,22.57,-164.34,21.78,7572,-28224
54,21,989.81,22.57,-164.34,21.78,7574,-27096
54,21,989.81,22.57,-164.32,21.78,7575,-25696
54,21,989.81,22.57,-164.31,21.78,7576,-24568
54,21,989.81,22.57,-164.32,21.78,7578,-23168
54,21,989.81,22.57,-164.31,21.78,7579,-22041
54,21,989.80,22.57,-164.26,21.78,7580,-20642
54,21,989.80,22.57,-164.23,21.78,7581,-19514
54,21,989.80,22.57,-164.23,21.78,7583,-18114
54,21,989.80,22.57,-164.23,21.78,7584,-16987
54,21,989.80,22.57,-164.23,21.78,7585,-15587
54,21,989.80,22.57,-164.26,21.78,7586,-14459
54,21,989.81,22.57,-164.31,21.78,7588,-13061
54,21,989.81,22.57,-164.32,21.78,7589,-11932
54,21,989.81,22.57,-164.34,21.78,7590,-10532
54,21,989.81,22.57,-164.35,21.78,7591,-9405
54,21,989.81,22.57,-164.32,21.78,7593,-8006
54,21,989.81,22.57,-164.34,21.78,7594,-6880
54,21,989.81,22.57,-164.31,21.78,7595,-5470
54,21,989.80,22.57,-164.28,21.78,7596,-4343
54,21,989.80,22.57,-164.28,21.78,7598,-2946
54,21,989.80,22.57,-164.25,21.78,7599,-1818
54,21,989.80,22.57,-164.25,21.78,7600,-420
54,21,989.80,22.57,-164.25,21.78,7601,706
54,21,989.80,22.57,-164.26,21.78,7603,2103
54,21,989.80,22.57,-164.25,21.78,7604,3228
54,21,989.80,22.57,-164.28,21.78,7605,4625
54,21,989.80,22.57,-164.28,21.78,7606,5751
54,21,989.81,22.57,-164.31,21.78,7608,7148
54,21,989.81,22.57,-164.32,21.78,7609,8273
54,21,989.81,22.57,-164.30,21.78,7610,9671
54,21,989.80,22.57,-164.28,21.78,7612,10797
54,21,989.80,22.57,-164.28,21.78,7613,12194
54,21,989.80,22.57,-164.26,21.78,7614,13322
54,21,989.80,22.57,-164.28,21.78,7615,14721
54,21,989.80,22.57,-164.28,21.78,7617,15847
54,21,989.80,22.57,-164.26,21.78,7618,17245
54,21,989.80,22.57,-164.28,21.78,7619,18372
54,21,989.81,22.57,-164.30,21.78,7620,19770
54,21,989.81,22.57,-164.32,21.78,7622,20897
54,21,989.81,22.57,-164.31,21.78,7623,22296
54,21,989.81,22.57,-164.31,21.78,7624,23422
54,21,989.80,22.56,-164.28,21.78,7626,24820
54,21,989.80,22.56,-164.28,21.78,7627,25948
54,21,989.81,22.56,-164.30,21.78,7628,27345
54,21,989.81,22.56,-164.30,21.78,7629,28473
54,21,989.80,22.56,-164.26,21.78,7631,29886
54,21,989.80,22.56,-164.26,21.78,7632,31012
54,21,989.80,22.56,-164.26,21.78,7633,32410
54,21,989.80,22.56,-164.28,21.78,7634,-31998
54,21,989.81,22.56,-164.31,21.78,7636,-30600
54,21,989.81,22.56,-164.31,21.78,7637,-29471
54,21,989.81,22.56,-164.29,21.78,7638,-28071
54,21,989.81,22.56,-164.31,21.78,7639,-26944
54,21,989.81,22.56,-164.32,21.78,7641,-25545
54,21,989.81,22.56,-164.31,21.78,7642,-24417
54,21,989.81,22.56,-164.29,21.78,7643,-23018
54,21,989.80,22.56,-164.28,21.78,7644,-21890
54,21,989.80,22.56,-164.25,21.78,7646,-20490
54,21,989.80,22.56,-164.22,21.78,7647,-19362
54,21,989.79,22.56,-164.21,21.78,7648,-17964
54,21,989.79,22.56,-164.19,21.78,7649,-16835
54,21,989.80,22.56,-164.22,21.78,7651,-15436
54,21,989.79,22.56,-164.21,21.78,7652,-14308
54,21,989.79,22.56,-164.19,21.78,7653,-12908
54,21,989.80,22.56,-164.22,21.78,7654,-11781
54,21,989.79,22.56,-164.19,21.78,7656,-10382
54,21,989.80,22.56,-164.22,21.78,7657,-9253
54,21,989.80,22.56,-164.22,21.78,7658,-7856
54,21,989.79,22.56,-164.21,21.78,7660,-6728
54,21,989.79,22.56,-164.19,21.78,7661,-5329
54,21,989.80,22.57,-164.22,21.78,7662,-4189
54,21,989.79,22.56,-164.21,21.78,7663,-2790
54,21,989.79,22.56,-164.18,21.78,7665,-1663
54,21,989.79,22.56,-164.19,21.78,7666,-266
54,21,989.79,22.56,-164.19,21.78,7667,861
54,21,989.79,22.56,-164.18,21.78,7669,2256
54,21,989.79,22.56,-164.19,21.78,7670,3383
54,21,989.79,22.56,-164.19,21.78,7671,4781
54,21,989.79,22.56,-164.21,21.78,7672,5906
54,21,989.79,22.56,-164.16,21.78,7674,7303
54,21,989.79,22.56,-164.21,21.78,7675,8430
54,21,989.79,22.56,-164.19,21.78,7676,9827
54,21,989.79,22.56,-164.19,21.78,7677,10953
54,21,989.79,22.56,-164.19,21.78,7679,12351
54,21,989.79,22.56,-164.21,21.78,7680,13478
54,21,989.79,22.56,-164.18,21.78,7681,14877
54,21,989.79,22.56,-164.18,21.78,7682,16004
54,21,989.79,22.56,-164.21,21.78,7684,17401
54,21,989.79,22.56,-164.16,21.78,7685,18529
54,21,989.79,22.56,-164.16,21.78,7686,19928
54,21,989.79,22.56,-164.14,21.78,7687,21054
54,21,989.79,22.56,-164.16,21.78,7689,22453
54,21,989.79,22.55,-164.14,21.77,7690,23579
54,21,989.79,22.55,-164.16,21.77,7691,24977
54,21,989.79,22.55,-164.14,21.77,7692,26104
54,21,989.79,22.55,-164.13,21.77,7694,27503
54,21,989.79,22.55,-164.16,21.77,7695,28630
54,21,989.79,22.55,-164.16,21.77,7696,30028
54,21,989.79,22.55,-164.14,21.77,7697,31155
54,21,989.79,22.55,-164.13,21.77,7699,32552
54,21,989.79,22.55,-164.16,21.77,7700,-31856
54,21,989.79,22.55,-164.16,21.77,7701,-30456
54,21,989.79,22.55,-164.17,21.77,7702,-29329
54,21,989.79,22.55,-164.17,21.77,7704,-27929
54,21,989.79,22.55,-164.17,21.77,7705,-26802
54,21,989.79,22.55,-164.15,21.77,7706,-25403
54,21,989.79,22.55,-164.14,21.77,7708,-24274
54,21,989.79,22.55,-164.19,21.77,7709,-22875
54,21,989.79,22.55,-164.17,21.77,7710,-21747
54,21,989.79,22.55,-164.16,21.77,7711,-20347
54,21,989.79,22.55,-164.16,21.77,7713,-19220
54,21,989.79,22.55,-164.19,21.77,7714,-17821
54,21,989.79,22.55,-164.16,21.77,7715,-16693
54,21,989.79,22.55,-164.13,21.77,7716,-15294
54,21,989.79,22.55,-164.16,21.77,7718,-14167
54,21,989.79,22.55,-164.18,21.77,7719,-12767
54,21,989.79,22.55,-164.18,21.77,7720,-11639
54,21,989.79,22.55,-164.16,21.77,7722,-10240
54,21,989.79,22.55,-164.14,21.77,7723,-9112
54,21,989.79,22.55,-164.14,21.77,7724,-7714
54,21,989.79,22.55,-164.14,21.77,7725,-6588
54,21,989.79,22.55,-164.13,21.77,7727,-5189
54,21,989.78,22.55,-164.11,21.77,7728,-4063
54,21,989.78,22.55,-164.11,21.77,7729,-2665
54,21,989.79,22.55,-164.13,21.77,7730,-1538
54,21,989.79,22.55,-164.16,21.77,7732,-139
54,21,989.79,22.55,-164.15,21.77,7733,987
54,21,989.79,22.55,-164.15,21.77,7734,2382
54,21,989.78,22.54,-164.11,21.77,7735,3509
54,21,989.79,22.54,-164.14,21.77,7737,4905
54,21,989.79,22.54,-164.17,21.77,7738,6032
54,21,989.79,22.54,-164.15,21.77,7739,7430
54,21,989.79,22.54,-164.16,21.77,7740,8555
54,21,989.79,22.54,-164.20,21.77,7742,9952
54,21,989.79,22.54,-164.20,21.77,7743,11078
54,21,989.79,22.54,-164.18,21.77,7744,12476
54,21,989.79,22.54,-164.18,21.77,7745,13603
54,21,989.79,22.54,-164.20,21.77,7747,15001
54,21,989.79,22.54,-164.16,21.77,7748,16128
54,21,989.79,22.54,-164.16,21.77,7749,17525
54,21,989.79,22.54,-164.18,21.77,7750,18653
54,21,989.79,22.54,-164.18,21.77,7752,20051
54,21,989.79,22.54,-164.18,21.77,7753,21178
54,21,989.79,22.54,-164.18,21.77,7754,22577
54,21,989.79,22.54,-164.16,21.77,7755,23703
54,21,989.79,22.54,-164.16,21.77,7757,25101
54,21,989.79,22.54,-164.15,21.77,7758,26228
54,21,989.79,22.54,-164.16,21.77,7759,27627
54,21,989.79,22.54,-164.18,21.77,7761,28753
54,21,989.80,22.54,-164.21,21.77,7762,30152
54,21,989.80,22.54,-164.21,21.77,7763,31279
54,21,989.80,22.54,-164.21,21.77,7764,32676
54,21,989.79,22.54,-164.20,21.77,7766,-31732
54,21,989.79,22.54,-164.16,21.77,7767,-30332
54,21,989.79,22.54,-164.16,21.77,7768,-29205
54,21,989.78,22.54,-164.12,21.77,7770,-27805
54,21,989.78,22.54,-164.12,21.77,7771,-26678
54,21,989.78,22.53,-164.09,21.76,7772,-25279
54,21,989.78,22.53,-164.11,21.76,7773,-24151
54,21,989.78,22.53,-164.12,21.76,7775,-22751
54,21,989.78,22.53,-164.11,21.76,7776,-21623
54,21,989.78,22.53,-164.12,21.76,7777,-20223
54,21,989.78,22.53,-164.11,21.76,7778,-19096
54,21,989.78,22.53,-164.11,21.76,7780,-17697
54,21,989.78,22.53,-164.09,21.76,7781,-16569
54,21,989.78,22.53,-164.07,21.76,7782,-15169
54,21,989.78,22.53,-164.09,21.76,7783,-14042
54,21,989.79,22.53,-164.13,21.76,7785,-12642
54,21,989.78,22.53,-164.12,21.76,7786,-11514
54,21,989.78,22.53,-164.09,21.76,7787,-10116
54,21,989.78,22.53,-164.11,21.76,7788,-8987
54,21,989.78,22.53,-164.09,21.76,7790,-7589
54,21,989.78,22.53,-164.11,21.76,7791,-6463
54,21,989.78,22.52,-164.07,21.76,7792,-5064
54,21,989.78,22.52,-164.07,21.76,7793,-3938
54,21,989.78,22.52,-164.09,21.76,7795,-2540
54,21,989.78,22.52,-164.09,21.76,7796,-1413
54,21,989.78,22.52,-164.07,21.76,7797,-14
54,21,989.78,22.52,-164.10,21.76,7798,1111
54,21,989.78,22.51,-164.07,21.76,7800,2507
54,21,989.78,22.51,-164.07,21.76,7801,3634
54,21,989.78,22.51,-164.05,21.76,7802,5030
54,21,989.78,22.51,-164.06,21.76,7803,6157
54,21,989.78,22.51,-164.10,21.76,7805,7555
54,21,989.78,22.51,-164.10,21.76,7806,8680
54,21,989.78,22.51,-164.10,21.76,7807,10077
54,21,989.78,22.51,-164.10,21.76,7809,11254
54,21,989.78,22.51,-164.06,21.76,7810,12653
54,21,989.78,22.51,-164.06,21.76,7811,13779
54,21,989.78,22.51,-164.08,21.76,7813,15211
54,21,989.78,22.51,-164.06,21.76,7814,16337
54,21,989.78,22.51,-164.06,21.76,7815,17735
54,21,989.77,22.51,-164.03,21.76,7816,18863
54,21,989.77,22.51,-164.02,21.76,7818,20260
54,21,989.77,22.51,-164.03,21.76,7819,21388
54,21,989.78,22.51,-164.06,21.76,7820,22787
54,21,989.77,22.50,-164.02,21.75,7821,23913
54,21,989.77,22.50,-164.03,21.75,7823,25311
54,21,989.77,22.50,-164.03,21.75,7824,26438
54,21,989.77,22.50,-164.02,21.75,7825,27836
54,21,989.77,22.50,-164.02,21.75,7826,28963
54,21,989.77,22.50,-164.03,21.75,7828,30362
54,21,989.77,22.50,-163.98,21.75,7829,31489
54,21,989.77,22.50,-164.00,21.75,7830,-32650
54,21,989.77,22.50,-164.00,21.75,7831,-31521
54,21,989.77,22.50,-164.02,21.75,7833,-30122
54,21,989.77,22.50,-164.02,21.75,7834,-28994
54,21,989.77,22.50,-164.00,21.75,7835,-27594
54,21,989.77,22.50,-164.00,21.75,7836,-26467
54,21,989.77,22.50,-163.97,21.75,7838,-25068
54,21,989.77,22.50,-163.99,21.75,7839,-23940
54,21,989.77,22.50,-163.96,21.75,7840,-22541
54,21,989.77,22.50,-163.96,21.75,7841,-21412
54,21,989.76,22.50,-163.94,21.75,7843,-20013
54,21,989.77,22.51,-163.96,21.76,7844,-18885
54,21,989.76,22.51,-163.95,21.76,7845,-17486
54,21,989.76,22.51,-163.95,21.76,7846,-16358
54,21,989.76,22.51,-163.95,21.76,7848,-14959
54,21,989.76,22.51,-163.92,21.76,7849,-13831
54,21,989.76,22.51,-163.93,21.76,7850,-12431
54,21,989.76,22.51,-163.92,21.76,7852,-11303
54,21,989.76,22.51,-163.92,21.76,7853,-9905
54,21,989.76,22.51,-163.92,21.76,7854,-8777
54,21,989.76,22.51,-163.90,21.76,7855,-7379
54,21,989.76,22.51,-163.90,21.76,7857,-6252
54,21,989.76,22.51,-163.91,21.76,7858,-4853
54,21,989.76,22.51,-163.91,21.76,7859,-3727
54,21,989.76,22.51,-163.89,21.76,7861,-2329
54,21,989.76,22.51,-163.92,21.76,7862,-1202
54,21,989.76,22.51,-163.91,21.76,7863,196
54,21,989.76,22.51,-163.92,21.76,7864,1321
54,21,989.77,22.51,-163.95,21.76,7866,2718
54,21,989.76,22.51,-163.94,21.76,7867,3844
54,21,989.77,22.52,-163.98,21.76,7868,5240
54,21,989.77,22.52,-164.00,21.76,7869,6367
54,21,989.77,22.52,-163.98,21.76,7871,7764
54,21,989.77,22.52,-164.00,21.76,7872,8890
54,21,989.77,22.52,-163.95,21.76,7873,10287
54,21,989.76,22.51,-163.91,21.76,7874,11414
54,21,989.76,22.51,-163.91,21.76,7876,12812
54,21,989.76,22.52,-163.92,21.76,7877,13939
54,21,989.76,22.52,-163.91,21.76,7878,15338
54,21,989.76,22.52,-163.89,21.76,7879,16464
54,21,989.76,22.52,-163.89,21.76,7881,17862
54,21,989.76,22.52,-163.94,21.76,7882,18990
54,21,989.76,22.52,-163.94,21.76,7883,20387
54,21,989.76,22.52,-163.92,21.76,7884,21515
54,21,989.76,22.52,-163.91,21.76,7886,22914
54,21,989.76,22.52,-163.89,21.76,7887,24040
54,21,989.76,22.52,-163.91,21.76,7888,25438
54,21,989.76,22.52,-163.89,21.76,7889,26565
54,21,989.75,22.52,-163.85,21.76,7891,27963
54,21,989.75,22.52,-163.86,21.76,7892,29090
54,21,989.75,22.52,-163.85,21.76,7893,30489
54,21,989.75,22.52,-163.86,21.76,7894,31616
54,21,989.76,22.52,-163.88,21.76,7896,-32523
54,21,989.76,22.52,-163.88,21.76,7897,-31394
54,21,989.76,22.52,-163.88,21.76,7898,-29996
54,21,989.76,22.52,-163.88,21.76,7900,-28868
54,21,989.76,22.52,-163.88,21.76,7901,-27468
54,21,989.76,22.52,-163.91,21.76,7902,-26341
54,21,989.76,22.52,-163.91,21.76,7903,-24942
54,21,989.76,22.52,-163.91,21.76,7905,-23814
54,21,989.75,22.52,-163.85,21.76,7906,-22415
54,21,989.75,22.52,-163.82,21.76,7907,-21286
54,21,989.75,22.52,-163.82,21.76,7909,-19887
54,21,989.75,22.52,-163.83,21.76,7910,-18759
54,21,989.75,22.52,-163.85,21.76,7911,-17360
54,21,989.75,22.52,-163.86,21.76,7912,-16232
54,21,989.75,22.52,-163.85,21.76,7914,-14833
54,21,989.75,22.52,-163.85,21.76,7915,-13705
54,21,989.75,22.52,-163.82,21.76,7916,-12305
54,21,989.75,22.52,-163.84,21.76,7917,-11177
54,21,989.75,22.52,-163.84,21.76,7919,-9779
54,21,989.75,22.52,-163.82,21.76,7920,-8651
54,21,989.75,22.52,-163.84,21.76,7921,-7253
54,21,989.75,22.52,-163.84,21.76,7922,-6126
54,21,989.75,22.52,-163.84,21.76,7924,-4727
54,21,989.75,22.52,-163.84,21.76,7925,-3601
54,21,989.75,22.52,-163.84,21.76,7926,-2203
54,21,989.75,22.52,-163.85,21.76,7927,-1076
54,21,989.76,22.52,-163.86,21.76,7929,322
54,21,989.76,22.53,-163.89,21.76,7930,1446
54,21,989.76,22.53,-163.89,21.76,7931,2844
54,21,989.76,22.53,-163.91,21.76,7932,3970
54,21,989.76,22.53,-163.91,21.76,7934,5366
54,21,989.76,22.53,-163.91,21.76,7935,6493
54,21,989.76,22.53,-163.91,21.76,7936,7890
54,21,989.76,22.53,-163.91,21.76,7937,9016
54,21,989.76,22.53,-163.93,21.76,7939,10413
54,21,989.76,22.53,-163.91,21.76,7940,11540
54,21,989.76,22.53,-163.91,21.76,7941,12938
54,21,989.76,22.53,-163.94,21.76,7942,14065
54,21,989.76,22.53,-163.94,21.76,7944,15464
54,21,989.76,22.53,-163.94,21.76,7945,16590
54,21,989.76,22.52,-163.94,21.76,7946,17988
54,21,989.76,22.52,-163.93,21.76,7948,19116
54,21,989.76,22.52,-163.91,21.76,7949,20513
54,21,989.76,22.53,-163.93,21.76,7950,21641
54,21,989.76,22.53,-163.91,21.76,7951,23040
54,21,989.76,22.53,-163.91,21.76,7953,24166
54,21,989.76,22.53,-163.89,21.76,7954,25564
54,21,989.76,22.53,-163.89,21.76,7955,26691
54,21,989.76,22.53,-163.88,21.76,7956,28089
54,21,989.75,22.53,-163.85,21.76,7958,29215
54,21,989.76,22.53,-163.89,21.76,7959,30614
54,21,989.76,22.53,-163.88,21.76,7960,31740
54,21,989.75,22.53,-163.85,21.76,7962,-32398
54,21,989.75,22.53,-163.85,21.76,7963,-31269
54,21,989.75,22.53,-163.81,21.76,7964,-29870
54,21,989.75,22.53,-163.81,21.76,7965,-28742
54,21,989.75,22.53,-163.79,21.76,7967,-27342
54,21,989.74,22.53,-163.78,21.76,7968,-26215
54,21,989.74,22.53,-163.76,21.76,7969,-24816
54,21,989.75,22.54,-163.81,21.77,7970,-23688
54,21,989.75,22.54,-163.79,21.77,7972,-22289
54,21,989.75,22.54,-163.79,21.77,7973,-21161
54,21,989.75,22.54,-163.81,21.77,7974,-19762
54,21,989.75,22.53,-163.79,21.76,7975,-18634
54,21,989.75,22.53,-163.79,21.76,7977,-17235
54,21,989.75,22.54,-163.83,21.77,7978,-16107
54,21,989.74,22.53,-163.78,21.76,7979,-14708
54,21,989.75,22.54,-163.81,21.77,7980,-13580
54,21,989.75,22.54,-163.81,21.77,7982,-12180
54,21,989.75,22.54,-163.79,21.77,7983,-11053
54,21,989.75,22.54,-163.79,21.77,7984,-9654
54,21,989.75,22.54,-163.81,21.77,7985,-8526
54,21,989.75,22.54,-163.81,21.77,7987,-7129
54,21,989.75,22.54,-163.83,21.77,7988,-6001
54,21,989.75,22.53,-163.79,21.76,7989,-4603
54,21,989.75,22.53,-163.83,21.76,7990,-3477
54,21,989.75,22.53,-163.83,21.76,7992,-2079
54,21,989.76,22.54,-163.88,21.77,7993,-952
54,21,989.76,22.54,-163.87,21.77,7994,446
54,21,989.76,22.54,-163.88,21.77,7995,1570
54,21,989.76,22.54,-163.88,21.77,7997,2968
54,21,989.76,22.54,-163.87,21.77,7998,4093
54,21,989.76,22.54,-163.87,21.77,7999,5490
54,21,989.75,22.54,-163.84,21.77,8001,6617
54,21,989.75,22.54,-163.84,21.77,8002,8014
54,21,989.75,22.54,-163.84,21.77,8003,9140
54,21,989.75,22.54,-163.79,21.77,8004,10536
54,21,989.75,22.54,-163.78,21.77,8006,11664
54,21,989.75,22.54,-163.81,21.77,8007,13062
54,21,989.75,22.54,-163.79,21.77,8008,14189
54,21,989.75,22.54,-163.78,21.77,8010,15588
54,21,989.74,22.54,-163.77,21.77,8011,16714
54,21,989.74,22.54,-163.77,21.77,8012,18112
54,21,989.75,22.54,-163.79,21.77,8013,19239
54,21,989.75,22.54,-163.78,21.77,8015,20637
54,21,989.75,22.54,-163.83,21.77,8016,21764
54,21,989.75,22.54,-163.84,21.77,8017,23162
54,21,989.75,22.54,-163.83,21.77,8018,24289
54,21,989.75,22.54,-163.80,21.77,8020,25687
54,21,989.75,22.54,-163.78,21.77,8021,26814
54,21,989.75,22.55,-163.82,21.77,8022,28212
54,21,989.75,22.54,-163.78,21.77,8023,29338
54,21,989.74,22.54,-163.76,21.77,8025,30737
54,21,989.74,22.54,-163.77,21.77,8026,31863
54,21,989.75,22.54,-163.78,21.77,8027,-32275
54,21,989.75,22.54,-163.82,21.77,8028,-31146
54,21,989.75,22.54,-163.83,21.77,8030,-29747
54,21,989.75,22.54,-163.81,21.77,8031,-28619
54,21,989.75,22.54,-163.79,21.77,8032,-27219
54,21,989.75,22.54,-163.79,21.77,8033,-26092
54,21,989.75,22.54,-163.81,21.77,8035,-24693
54,21,989.75,22.54,-163.79,21.77,8036,-23565
54,21,989.75,22.54,-163.78,21.77,8037,-22165
54,21,989.74,22.54,-163.77,21.77,8038,-21038
54,21,989.75,22.54,-163.78,21.77,8040,-19638
54,21,989.74,22.54,-163.77,21.77,8041,-18510
54,21,989.74,22.54,-163.77,21.77,8042,-17112
54,21,989.75,22.54,-163.78,21.77,8043,-15983
54,21,989.75,22.54,-163.78,21.77,8045,-14584
54,21,989.74,22.54,-163.74,21.77,8046,-13457
54,21,989.74,22.54,-163.75,21.77,8047,-12057
54,21,989.74,22.54,-163.74,21.77,8049,-10930
54,21,989.74,22.54,-163.74,21.77,8050,-9531
54,21,989.74,22.54,-163.74,21.77,8051,-8403
54,21,989.74,22.54,-163.72,21.77,8052,-7006
54,21,989.74,22.54,-163.72,21.77,8054,-5879
54,21,989.74,22.54,-163.74,21.77,8055,-4480
54,21,989.74,22.54,-163.70,21.77,8056,-3354
54,21,989.74,22.54,-163.72,21.77,8058,-1956
54,21,989.74,22.54,-163.75,21.77,8059,-829
54,21,989.74,22.54,-163.75,21.77,8060,569
54,21,989.74,22.54,-163.75,21.77,8061,1693
54,21,989.74,22.54,-163.75,21.77,8063,3090
54,21,989.75,22.54,-163.78,21.77,8064,4216
54,21,989.75,22.54,-163.78,21.77,8065,5613
54,21,989.74,22.54,-163.77,21.77,8066,6739
54,21,989.74,22.54,-163.75,21.77,8068,8137
54,21,989.75,22.54,-163.78,21.77,8069,9263
54,21,989.75,22.54,-163.79,21.77,8070,10659
54,21,989.75,22.54,-163.79,21.77,8071,11787
54,21,989.75,22.54,-163.79,21.77,8073,13185
54,21,989.75,22.54,-163.79,21.77,8074,14312
54,21,989.75,22.54,-163.81,21.77,8075,15711
54,21,989.75,22.54,-163.79,21.77,8076,16837
54,21,989.75,22.54,-163.81,21.77,8078,18235
54,21,989.75,22.54,-163.79,21.77,8079,19362
54,21,989.74,22.54,-163.78,21.77,8080,20760
54,21,989.74,22.54,-163.76,21.77,8081,21886
54,21,989.74,22.54,-163.78,21.77,8083,23285
54,21,989.75,22.54,-163.79,21.77,8084,24412
54,21,989.74,22.53,-163.78,21.76,8085,25835
54,21,989.74,22.53,-163.78,21.76,8086,26962
54,21,989.74,22.53,-163.76,21.76,8088,28361
54,21,989.74,22.53,-163.75,21.76,8089,29488
54,21,989.74,22.53,-163.74,21.76,8090,30885
54,21,989.74,22.53,-163.72,21.76,8091,32013
54,21,989.74,22.53,-163.70,21.76,8093,-32125
54,21,989.73,22.53,-163.66,21.76,8094,-30997
54,21,989.73,22.53,-163.67,21.76,8095,-29597
54,21,989.73,22.53,-163.66,21.76,8097,-28470
54,21,989.73,22.53,-163.64,21.76,8098,-27070
54,21,989.73,22.53,-163.61,21.76,8099,-25943
54,21,989.73,22.53,-163.63,21.76,8100,-24544
54,21,989.73,22.53,-163.63,21.76,8102,-23415
54,21,989.73,22.53,-163.61,21.76,8103,-22015
54,21,989.72,22.53,-163.60,21.76,8104,-20888
54,21,989.72,22.52,-163.56,21.76,8106,-19488
54,21,989.72,22.52,-163.57,21.76,8107,-18361
54,21,989.72,22.52,-163.60,21.76,8108,-16962
54,21,989.72,22.52,-163.58,21.76,8109,-15834
54,21,989.73,22.52,-163.61,21.76,8111,-14434
54,21,989.73,22.52,-163.64,21.76,8112,-13306
54,21,989.73,22.52,-163.63,21.76,8113,-11907
54,21,989.73,22.52,-163.63,21.76,8114,-10779
54,21,989.73,22.52,-163.61,21.76,8116,-9380
54,21,989.73,22.52,-163.61,21.76,8117,-8253
54,21,989.73,22.53,-163.63,21.76,8118,-6854
54,21,989.73,22.53,-163.65,21.76,8119,-5728
54,21,989.73,22.53,-163.63,21.76,8121,-4329
54,21,989.73,22.53,-163.61,21.76,8122,-3203
54,21,989.73,22.53,-163.61,21.76,8123,-1805
54,21,989.73,22.53,-163.61,21.76,8124,-677
54,21,989.73,22.53,-163.64,21.76,8126,720
54,21,989.73,22.53,-163.61,21.76,8127,1845
54,21,989.72,22.53,-163.58,21.76,8128,3241
54,21,989.72,22.53,-163.60,21.76,8129,4368
54,21,989.72,22.53,-163.60,21.76,8131,5765
54,21,989.72,22.53,-163.60,21.76,8132,6891
54,21,989.73,22.53,-163.61,21.76,8133,8289
54,21,989.73,22.53,-163.61,21.76,8134,9414
54,21,989.73,22.53,-163.63,21.76,8136,10811
54,21,989.73,22.53,-163.63,21.76,8137,11938
54,21,989.73,22.53,-163.63,21.76,8138,13337
54,21,989.73,22.53,-163.63,21.76,8139,14464
54,21,989.73,22.53,-163.63,21.76,8141,15862
54,21,989.73,22.53,-163.63,21.76,8142,16989
54,21,989.72,22.52,-163.60,21.76,8143,18386
54,21,989.72,22.52,-163.58,21.76,8145,19514
54,21,989.73,22.52,-163.61,21.76,8146,20913
54,21,989.73,22.52,-163.63,21.76,8147,22039
54,21,989.72,22.52,-163.60,21.76,8148,23438
54,21,989.73,22.52,-163.61,21.76,8150,24564
54,21,989.72,22.52,-163.60,21.76,8151,25962
54,21,989.72,22.52,-163.58,21.76,8152,27089
54,21,989.72,22.52,-163.55,21.76,8153,28488
54,21,989.72,22.51,-163.55,21.76,8155,29615
54,21,989.72,22.51,-163.55,21.76,8156,31012
54,21,989.72,22.51,-163.55,21.76,8157,32140
54,21,989.72,22.51,-163.55,21.76,8159,-31998
54,21,989.72,22.52,-163.57,21.76,8160,-30870
54,21,989.72,22.52,-163.57,21.76,8161,-29470
54,21,989.72,22.52,-163.54,21.76,8162,-28343
54,21,989.71,22.52,-163.51,21.76,8164,-26944
54,21,989.72,22.52,-163.53,21.76,8165,-25816
54,21,989.71,22.52,-163.49,21.76,8166,-24417
54,21,989.70,22.52,-163.44,21.76,8167,-23288
54,21,989.70,22.52,-163.40,21.76,8169,-21888
54,21,989.70,22.52,-163.44,21.76,8170,-20761
54,21,989.70,22.52,-163.41,21.76,8171,-19361
54,21,989.71,22.52,-163.44,21.76,8172,-18234
54,21,989.71,22.52,-163.47,21.76,8174,-16835
54,21,989.71,22.52,-163.48,21.76,8175,-15707
54,21,989.71,22.52,-163.49,21.76,8176,-14307
54,21,989.72,22.53,-163.56,21.76,8177,-13179
54,21,989.72,22.53,-163.54,21.76,8179,-11780
54,21,989.72,22.53,-163.53,21.76,8180,-10652
54,21,989.71,22.53,-163.51,21.76,8181,-9253
54,21,989.71,22.52,-163.48,21.76,8182,-8126
54,21,989.71,22.52,-163.49,21.76,8184,-6727
54,21,989.71,22.52,-163.49,21.76,8185,-5601
54,21,989.71,22.52,-163.49,21.76,8186,-4202
54,21,989.71,22.52,-163.51,21.76,8187,-3076
54,21,989.71,22.52,-163.49,21.76,8189,-1678
54,21,989.71,22.52,-163.48,21.76,8190,-550
54,21,989.71,22.52,-163.45,21.76,8191,847
54,21,989.70,22.52,-163.44,21.76,8193,1972
54,21,989.70,22.52,-163.44,21.76,8194,3368
54,21,989.71,22.52,-163.45,21.76,8195,4495
54,21,989.70,22.52,-163.44,21.76,8196,5892
54,21,989.70,22.52,-163.44,21.76,8198,7018
54,21,989.71,22.52,-163.48,21.76,8199,8416
54,21,989.71,22.52,-163.49,21.76,8200,9541
54,21,989.71,22.52,-163.49,21.76,8201,10938
54,21,989.71,22.52,-163.47,21.76,8203,12065
54,21,989.71,22.52,-163.45,21.76,8204,13463
54,21,989.72,22.52,-163.53,21.76,8205,14590
54,21,989.71,22.52,-163.49,21.76,8207,15989
54,21,989.71,22.52,-163.48,21.76,8208,17116
54,21,989.71,22.52,-163.51,21.76,8209,18513
54,21,989.71,22.52,-163.49,21.76,8210,19641
54,21,989.71,22.52,-163.49,21.76,8212,21039
54,21,989.71,22.52,-163.51,21.76,8213,22166
54,21,989.72,22.52,-163.54,21.76,8214,23565
54,21,989.72,22.52,-163.55,21.76,8215,24691
54,21,989.72,22.52,-163.57,21.76,8217,26089
54,21,989.72,22.52,-163.55,21.76,8218,27216
54,21,989.72,22.51,-163.55,21.76,8219,28614
54,21,989.72,22.51,-163.55,21.76,8220,29741
54,21,989.72,22.51,-163.53,21.76,8222,31139
54,21,989.72,22.51,-163.55,21.76,8223,32266
54,21,989.72,22.51,-163.56,21.76,8224,-31872
54,21,989.72,22.51,-163.56,21.76,8225,-30744
54,21,989.72,22.51,-163.58,21.76,8227,-29344
54,21,989.72,22.51,-163.58,21.76,8228,-28217
54,21,989.72,22.51,-163.59,21.76,8229,-26817
54,21,989.72,22.51,-163.59,21.76,8230,-25690
54,21,989.72,22.51,-163.59,21.76,8232,-24291
54,21,989.73,22.51,-163.62,21.76,8233,-23162
54,21,989.72,22.51,-163.60,21.76,8234,-21763
54,21,989.72,22.51,-163.59,21.76,8235,-20635
54,21,989.72,22.51,-163.53,21.76,8237,-19235
54,21,989.71,22.51,-163.50,21.76,8238,-18108
54,21,989.71,22.51,-163.52,21.76,8239,-16709
54,21,989.71,22.51,-163.47,21.76,8240,-15581
54,21,989.70,22.51,-163.43,21.76,8242,-14182
54,21,989.70,22.51,-163.43,21.76,8243,-13053
54,21,989.70,22.51,-163.43,21.76,8244,-11654
54,21,989.70,22.51,-163.43,21.76,8246,-10526
54,21,989.70,22.51,-163.41,21.76,8247,-9127
54,21,989.70,22.51,-163.41,21.76,8248,-8000
54,21,989.70,22.51,-163.41,21.76,8249,-6602
54,21,989.70,22.51,-163.40,21.76,8251,-5475
54,21,989.70,22.51,-163.43,21.76,8252,-4076
54,21,989.71,22.51,-163.45,21.76,8253,-2950
54,21,989.71,22.51,-163.45,21.76,8255,-1552
54,21,989.70,22.51,-163.43,21.76,8256,-424
54,21,989.70,22.50,-163.43,21.75,8257,972
54,21,989.71,22.50,-163.45,21.75,8258,2098
54,21,989.71,22.50,-163.45,21.75,8260,3495
54,21,989.71,22.50,-163.45,21.75,8261,4621
54,21,989.71,22.50,-163.45,21.75,8262,6018
54,21,989.71,22.50,-163.45,21.75,8263,7144
54,21,989.71,22.50,-163.45,21.75,8265,8541
54,21,989.71,22.50,-163.45,21.75,8266,9667
54,21,989.70,22.50,-163.42,21.75,8267,11065
54,21,989.71,22.50,-163.47,21.75,8268,12191
54,21,989.71,22.50,-163.46,21.75,8270,13589
54,21,989.71,22.50,-163.47,21.75,8271,14716
54,21,989.71,22.50,-163.49,21.75,8272,16114
54,21,989.71,22.50,-163.47,21.75,8273,17242
54,21,989.71,22.50,-163.49,21.75,8275,18640
54,21,989.71,22.50,-163.46,21.75,8276,19767
54,21,989.70,22.50,-163.42,21.75,8277,21165
54,21,989.71,22.50,-163.46,21.75,8278,22292
54,21,989.71,22.50,-163.48,21.75,8280,23690
54,21,989.71,22.50,-163.48,21.75,8281,24817
54,21,989.71,22.50,-163.47,21.75,8282,26216
54,21,989.71,22.49,-163.45,21.74,8283,27342
54,21,989.71,22.49,-163.47,21.74,8285,28740
54,21,989.71,22.49,-163.48,21.74,8286,29868
54,21,989.72,22.49,-163.53,21.74,8287,31265
54,21,989.72,22.49,-163.56,21.74,8288,32393
54,21,989.72,22.49,-163.56,21.74,8290,-31744
54,21,989.71,22.49,-163.51,21.74,8291,-30617
54,21,989.71,22.49,-163.50,21.74,8292,-29218
54,21,989.72,22.49,-163.53,21.74,8294,-28090
55,21,989.71,22.49,-163.51,21.74,8295,-26691
55,21,989.71,22.49,-163.51,21.74,8296,-25563
55,21,989.71,22.49,-163.50,21.74,8297,-24164
55,21,989.71,22.49,-163.47,21.74,8299,-23036
54,21,989.70,22.49,-163.44,21.74,8300,-21637
54,21,989.70,22.49,-163.44,21.74,8301,-20509
54,21,989.71,22.49,-163.45,21.74,8302,-19110
54,21,989.71,22.49,-163.47,21.74,8304,-17982
54,21,989.71,22.49,-163.45,21.74,8305,-16583
54,21,989.71,22.49,-163.45,21.74,8306,-15455
54,21,989.70,22.49,-163.44,21.74,8308,-14055
54,21,989.71,22.49,-163.45,21.74,8309,-12927
54,21,989.71,22.49,-163.45,21.74,8310,-11529
54,21,989.70,22.49,-163.44,21.74,8311,-10400
54,21,989.70,22.49,-163.44,21.74,8313,-9001
54,21,989.70,22.49,-163.44,21.74,8314,-7874
54,21,989.71,22.49,-163.48,21.74,8315,-6475
54,21,989.71,22.49,-163.45,21.74,8316,-5349
54,21,989.71,22.49,-163.47,21.74,8318,-3950
54,21,989.71,22.49,-163.51,21.74,8319,-2824
55,21,989.71,22.49,-163.51,21.74,8320,-1426
55,21,989.71,22.49,-163.51,21.74,8321,-298
54,21,989.71,22.49,-163.49,21.74,8323,1098
54,21,989.71,22.49,-163.48,21.74,8324,2225
55,21,989.71,22.49,-163.49,21.74,8325,3622
55,21,989.71,22.49,-163.48,21.74,8326,4748
54,21,989.71,22.49,-163.47,21.74,8328,6145
54,21,989.71,22.49,-163.45,21.74,8329,7271
54,21,989.70,22.49,-163.41,21.74,8330,8668
54,21,989.70,22.49,-163.39,21.74,8331,9793
54,21,989.70,22.49,-163.38,21.74,8333,11191
54,21,989.70,22.49,-163.38,21.74,8334,12317
54,21,989.69,22.49,-163.35,21.74,8335,13715
54,21,989.69,22.49,-163.33,21.74,8336,14842
54,21,989.69,22.49,-163.35,21.74,8338,16241
54,21,989.70,22.49,-163.36,21.74,8339,17368
54,21,989.70,22.49,-163.39,21.74,8340,18766
54,21,989.70,22.49,-163.42,21.74,8342,19893
54,21,989.70,22.49,-163.42,21.74,8343,21291
54,21,989.71,22.49,-163.44,21.74,8344,22418
54,21,989.71,22.49,-163.47,21.74,8345,23816
54,21,989.71,22.49,-163.45,21.74,8347,24942
54,21,989.71,22.48,-163.45,21.74,8348,26341
54,21,989.71,22.48,-163.44,21.74,8349,27467
54,21,989.71,22.48,-163.45,21.74,8350,28865
54,21,989.71,22.48,-163.47,21.74,8352,29992
54,21,989.71,22.48,-163.45,21.74,8353,31390
54,21,989.71,22.48,-163.44,21.74,8354,32517
54,21,989.71,22.49,-163.47,21.74,8356,-31621
54,21,989.71,22.49,-163.50,21.74,8357,-30493
55,21,989.71,22.49,-163.50,21.74,8358,-29094
55,21,989.71,22.49,-163.48,21.74,8359,-27966
55,21,989.71,22.49,-163.50,21.74,8361,-26567
55,21,989.71,22.49,-163.48,21.74,8362,-25439
55,21,989.71,22.49,-163.51,21.74,8363,-24040
55,21,989.71,22.49,-163.49,21.74,8364,-22911
55,21,989.72,22.49,-163.53,21.74,8366,-21512
55,21,989.72,22.49,-163.54,21.74,8367,-20384
55,21,989.72,22.49,-163.56,21.74,8368,-18984
55,21,989.72,22.49,-163.58,21.74,8369,-17857
55,21,989.72,22.49,-163.58,21.74,8371,-16457
55,21,989.72,22.49,-163.60,21.74,8372,-15330
55,21,989.73,22.49,-163.61,21.74,8373,-13931
55,21,989.72,22.49,-163.60,21.74,8374,-12803
55,21,989.72,22.49,-163.58,21.74,8376,-11404
55,21,989.72,22.49,-163.58,21.74,8377,-10275
55,21,989.72,22.49,-163.56,21.74,8378,-8876
55,21,989.72,22.49,-163.56,21.74,8379,-7749
55,21,989.72,22.49,-163.56,21.74,8381,-6350
55,21,989.72,22.49,-163.54,21.74,8382,-5224
55,21,989.71,22.49,-163.51,21.74,8383,-3826
55,21,989.72,22.49,-163.53,21.74,8384,-2699
55,21,989.71,22.49,-163.51,21.74,8386,-1301
55,21,989.71,22.49,-163.51,21.74,8387,-175
55,21,989.71,22.49,-163.49,21.74,8388,1247
55,21,989.71,22.49,-163.51,21.74,8390,2373
55,21,989.71,22.49,-163.49,21.74,8391,3770
55,21,989.71,22.49,-163.50,21.74,8392,4896
55,21,989.71,22.49,-163.50,21.74,8393,6293
55,21,989.71,22.49,-163.50,21.74,8395,7418
55,21,989.71,22.49,-163.50,21.74,8396,8816
55,21,989.71,22.48,-163.49,21.74,8397,9942
55,21,989.71,22.48,-163.45,21.74,8398,11338
55,21,989.71,22.48,-163.45,21.74,8400,12466
55,21,989.70,22.48,-163.44,21.74,8401,13863
55,21,989.70,22.48,-163.42,21.74,8402,14991
55,21,989.70,22.48,-163.42,21.74,8404,16390
55,21,989.70,22.48,-163.39,21.74,8405,17516
55,21,989.70,22.48,-163.36,21.74,8406,18915
55,21,989.69,22.47,-163.30,21.74,8407,20041
55,21,989.69,22.47,-163.32,21.74,8409,21439
55,21,989.69,22.47,-163.32,21.74,8410,22566
55,21,989.70,22.47,-163.36,21.74,8411,23964
55,21,989.70,22.47,-163.36,21.74,8412,25092
55,21,989.70,22.47,-163.37,21.74,8414,26490
55,21,989.70,22.48,-163.39,21.74,8415,27617
55,21,989.70,22.48,-163.39,21.74,8416,29015
55,21,989.70,22.48,-163.40,21.74,8417,30142
55,21,989.70,22.48,-163.40,21.74,8419,31540
55,21,989.70,22.48,-163.44,21.74,8420,32667
55,21,989.71,22.48,-163.46,21.74,8421,-31470
55,21,989.71,22.48,-163.46,21.74,8422,-30343
55,21,989.71,22.47,-163.46,21.74,8424,-28944
55,21,989.71,22.47,-163.48,21.74,8425,-27815
55,21,989.71,22.47,-163.46,21.74,8426,-26417
55,21,989.71,22.47,-163.46,21.74,8427,-25288
55,21,989.71,22.47,-163.50,21.74,8429,-23888
55,21,989.71,22.47,-163.49,21.74,8430,-22761
55,21,989.71,22.47,-163.46,21.74,8431,-21362
55,21,989.71,22.47,-163.47,21.74,8432,-20234
55,21,989.71,22.47,-163.46,21.74,8434,-18835
55,21,989.71,22.47,-163.47,21.74,8435,-17706
55,21,989.71,22.47,-163.49,21.74,8436,-16307
55,21,989.71,22.47,-163.50,21.74,8438,-15179
55,21,989.71,22.47,-163.47,21.74,8439,-13780
55,21,989.71,22.47,-163.45,21.74,8440,-12652
55,21,989.70,22.47,-163.43,21.74,8441,-11253
55,21,989.70,22.47,-163.43,21.74,8443,-10125
55,21,989.70,22.47,-163.43,21.74,8444,-8726
55,21,989.70,22.47,-163.43,21.74,8445,-7599
55,21,989.71,22.47,-163.45,21.74,8446,-6200
55,21,989.71,22.47,-163.45,21.74,8448,-5073
55,21,989.71,22.47,-163.46,21.74,8449,-3674
55,21,989.71,22.47,-163.46,21.74,8450,-2546
55,21,989.71,22.47,-163.46,21.74,8452,-1147
55,21,989.71,22.47,-163.47,21.74,8453,-21
55,21,989.71,22.47,-163.49,21.74,8454,1375
55,21,989.71,22.47,-163.50,21.74,8455,2501
55,21,989.71,22.47,-163.47,21.74,8457,3898
55,21,989.71,22.47,-163.50,21.74,8458,5023
55,21,989.71,22.47,-163.50,21.74,8459,6421
55,21,989.71,22.47,-163.52,21.74,8460,7546
55,21,989.72,22.47,-163.54,21.74,8462,8943
55,21,989.72,22.47,-163.54,21.74,8463,10070
55,21,989.71,22.47,-163.52,21.74,8464,11468
55,21,989.71,22.47,-163.50,21.74,8465,12595
55,21,989.71,22.47,-163.52,21.74,8467,13993
55,21,989.72,22.47,-163.54,21.74,8468,15120
55,21,989.72,22.47,-163.54,21.74,8469,16518
55,21,989.71,22.47,-163.52,21.74,8470,17645
55,21,989.71,22.47,-163.49,21.74,8472,19043
55,21,989.71,22.47,-163.50,21.74,8473,20170
55,21,989.71,22.47,-163.49,21.74,8474,21569
55,21,989.71,22.47,-163.48,21.74,8475,22695
55,21,989.71,22.47,-163.45,21.74,8477,24093
55,21,989.70,22.47,-163.42,21.74,8478,25221
55,21,989.70,22.47,-163.40,21.74,8479,26618
55,21,989.70,22.47,-163.42,21.74,8480,27746
54,21,989.70,22.47,-163.42,21.74,8482,29145
54,21,989.70,22.47,-163.40,21.74,8483,30271
54,21,989.70,22.47,-163.40,21.74,8484,31669
54,21,989.70,22.48,-163.44,21.74,8485,-32740
54,21,989.70,22.48,-163.44,21.74,8487,-31341
54,21,989.70,22.48,-163.44,21.74,8488,-30213
54,21,989.70,22.48,-163.42,21.74,8489,-28813
54,21,989.70,22.48,-163.42,21.74,8491,-27685
54,21,989.71,22.48,-163.45,21.74,8492,-26287
54,21,989.70,22.48,-163.44,21.74,8493,-25158
54,21,989.70,22.48,-163.44,21.74,8494,-23759
54,21,989.71,22.48,-163.45,21.74,8496,-22631
54,21,989.70,22.48,-163.44,21.74,8497,-21231
54,21,989.70,22.48,-163.42,21.74,8498,-20104
54,21,989.70,22.48,-163.37,21.74,8500,-18705
54,21,989.70,22.48,-163.37,21.74,8501,-17576
54,21,989.70,22.48,-163.36,21.74,8502,-16178
54,21,989.69,22.48,-163.34,21.74,8503,-15049
54,21,989.70,22.48,-163.36,21.74,8505,-13649
54,21,989.69,22.48,-163.33,21.74,8506,-12522
54,21,989.69,22.48,-163.31,21.74,8507,-11122
54,21,989.69,22.48,-163.30,21.74,8508,-9995
54,21,989.69,22.48,-163.33,21.74,8510,-8597
54,21,989.69,22.48,-163.33,21.74,8511,-7470
54,21,989.69,22.48,-163.30,21.74,8512,-6072
54,21,989.69,22.48,-163.33,21.74,8513,-4944
54,21,989.69,22.48,-163.33,21.74,8515,-3547
54,21,989.70,22.48,-163.36,21.74,8516,-2420
54,21,989.69,22.48,-163.31,21.74,8517,-1022
54,21,989.69,22.48,-163.34,21.74,8518,105
54,21,989.70,22.48,-163.37,21.74,8520,1502
54,21,989.70,22.48,-163.37,21.74,8521,2627
54,21,989.70,22.48,-163.36,21.74,8522,4025
54,21,989.69,22.47,-163.34,21.74,8523,5150
54,21,989.69,22.47,-163.32,21.74,8525,6547
54,21,989.70,22.47,-163.36,21.74,8526,7673
54,21,989.70,22.47,-163.39,21.74,8527,9071
54,21,989.70,22.47,-163.37,21.74,8528,10196
54,21,989.70,22.47,-163.40,21.74,8530,11594
54,21,989.70,22.47,-163.40,21.74,8531,12722
55,21,989.70,22.47,-163.42,21.74,8532,14119
55,21,989.70,22.47,-163.39,21.74,8533,15247
55,21,989.70,22.47,-163.40,21.74,8535,16646
55,21,989.70,22.47,-163.39,21.74,8536,17772
55,21,989.70,22.47,-163.39,21.74,8537,19170
55,21,989.69,22.47,-163.34,21.74,8539,20297
55,21,989.69,22.47,-163.31,21.74,8540,21695
55,21,989.69,22.47,-163.31,21.74,8541,22822
55,21,989.69,22.47,-163.31,21.74,8542,24221
55,21,989.69,22.47,-163.30,21.74,8544,25348
55,21,989.69,22.47,-163.31,21.74,8545,26745
55,21,989.69,22.47,-163.31,21.74,8546,27873
55,21,989.69,22.47,-163.31,21.74,8547,29271
55,21,989.69,22.47,-163.29,21.74,8549,30397
55,21,989.69,22.47,-163.29,21.74,8550,31796
55,21,989.69,22.47,-163.31,21.74,8551,-32614
55,21,989.69,22.47,-163.31,21.74,8553,-31215
55,21,989.69,22.47,-163.32,21.74,8554,-30087
55,21,989.69,22.46,-163.31,21.73,8555,-28688
55,21,989.69,22.46,-163.34,21.73,8556,-27560
55,21,989.69,22.46,-163.32,21.73,8558,-26161
55,21,989.69,22.46,-163.32,21.73,8559,-25033
55,21,989.69,22.46,-163.33,21.73,8560,-23634
55,21,989.69,22.46,-163.31,21.73,8561,-22506
55,21,989.69,22.46,-163.31,21.73,8563,-21107
55,21,989.69,22.46,-163.31,21.73,8564,-19979
55,21,989.68,22.46,-163.25,21.73,8565,-18579
55,21,989.68,22.46,-163.25,21.73,8566,-17452
55,21,989.68,22.46,-163.25,21.73,8568,-16053
55,21,989.68,22.46,-163.25,21.73,8569,-14924
55,21,989.68,22.46,-163.26,21.73,8570,-13525
55,21,989.68,22.46,-163.25,21.73,8571,-12397
55,21,989.68,22.46,-163.26,21.73,8573,-10997
55,21,989.68,22.46,-163.26,21.73,8574,-9870
55,21,989.68,22.46,-163.25,21.73,8575,-8472
55,21,989.68,22.46,-163.25,21.73,8576,-7345
55,21,989.68,22.46,-163.26,21.73,8578,-5947
55,21,989.68,22.46,-163.23,21.73,8579,-4819
55,21,989.68,22.46,-163.19,21.73,8580,-3421
55,21,989.68,22.46,-163.19,21.73,8581,-2294
55,21,989.68,22.46,-163.22,21.73,8583,-896
55,21,989.68,22.46,-163.27,21.73,8584,230
55,21,989.68,22.46,-163.27,21.73,8585,1626
55,21,989.68,22.46,-163.27,21.73,8587,2751
55,21,989.68,22.46,-163.27,21.73,8588,4149
55,21,989.68,22.46,-163.23,21.73,8589,5274
55,21,989.68,22.46,-163.22,21.73,8590,6671
55,21,989.68,22.46,-163.22,21.73,8592,7797
55,21,989.68,22.45,-163.19,21.73,8593,9195
55,21,989.68,22.45,-163.20,21.73,8594,10320
55,21,989.68,22.45,-163.22,21.73,8595,11718
55,21,989.68,22.45,-163.19,21.73,8597,12846
55,21,989.68,22.45,-163.19,21.73,8598,14243
55,21,989.68,22.45,-163.19,21.73,8599,15371
55,21,989.68,22.45,-163.20,21.73,8601,16770
55,21,989.68,22.45,-163.19,21.73,8602,17897
55,21,989.68,22.45,-163.19,21.73,8603,19296
55,21,989.67,22.45,-163.16,21.73,8604,20422
55,21,989.67,22.45,-163.16,21.73,8606,21820
55,21,989.67,22.45,-163.17,21.73,8607,22947
55,21,989.68,22.45,-163.19,21.73,8608,24345
55,21,989.67,22.45,-163.17,21.73,8609,25473
55,21,989.67,22.45,-163.14,21.73,8611,26871
55,21,989.67,22.45,-163.13,21.73,8612,27998
55,21,989.67,22.45,-163.11,21.73,8613,29395
55,21,989.67,22.45,-163.13,21.73,8614,30523
55,21,989.67,22.45,-163.10,21.73,8616,31921
55,21,989.66,22.45,-163.08,21.73,8617,-32488
55,21,989.67,22.45,-163.10,21.73,8618,-31088
55,21,989.66,22.45,-163.09,21.73,8619,-29961
55,21,989.66,22.45,-163.09,21.73,8621,-28562
55,21,989.66,22.45,-163.05,21.73,8622,-27433
55,21,989.66,22.45,-163.07,21.73,8623,-26035
55,21,989.66,22.45,-163.07,21.73,8624,-24906
55,21,989.66,22.45,-163.04,21.73,8626,-23506
55,21,989.66,22.45,-163.04,21.73,8627,-22379
55,21,989.66,22.45,-163.02,21.73,8628,-20980
55,21,989.65,22.45,-163.01,21.73,8629,-19852
55,21,989.65,22.45,-163.01,21.73,8631,-18453
55,21,989.65,22.45,-163.01,21.73,8632,-17325
55,21,989.65,22.45,-163.01,21.73,8633,-15925
55,21,989.66,22.45,-163.02,21.73,8634,-14797
55,21,989.66,22.45,-163.02,21.73,8636,-13397
55,21,989.66,22.45,-163.04,21.73,8637,-12270
55,21,989.66,22.45,-163.05,21.73,8638,-10871
55,21,989.66,22.45,-163.07,21.73,8640,-9743
55,21,989.66,22.45,-163.05,21.73,8641,-8345
55,21,989.66,22.45,-163.03,21.73,8642,-7218
55,21,989.66,22.45,-163.01,21.73,8643,-5819
55,21,989.66,22.46,-163.03,21.73,8645,-4692
55,21,989.66,22.46,-163.01,21.73,8646,-3294
55,21,989.65,22.46,-163.00,21.73,8647,-2167
55,21,989.65,22.46,-162.98,21.73,8649,-770
55,21,989.65,22.46,-162.96,21.73,8650,357
55,21,989.65,22.46,-162.96,21.73,8651,1754
55,21,989.65,22.46,-163.00,21.73,8652,2879
55,21,989.65,22.46,-162.98,21.73,8654,4277
55,21,989.65,22.46,-162.98,21.73,8655,5402
55,21,989.65,22.46,-162.98,21.73,8656,6799
55,21,989.65,22.46,-162.98,21.73,8657,7925
55,21,989.65,22.46,-162.98,21.73,8659,9323
55,21,989.65,22.46,-163.00,21.73,8660,10448
55,21,989.66,22.46,-163.03,21.73,8661,11871
55,21,989.66,22.46,-163.04,21.73,8662,12997
55,21,989.66,22.46,-163.03,21.73,8664,14395
55,21,989.66,22.46,-163.01,21.73,8665,15522
55,21,989.66,22.46,-163.01,21.73,8666,16920
55,21,989.66,22.46,-163.03,21.73,8667,18048
55,21,989.66,22.46,-163.03,21.73,8669,19445
55,21,989.66,22.46,-163.03,21.73,8670,20573
55,21,989.66,22.47,-163.03,21.74,8671,21970
55,21,989.66,22.47,-163.03,21.74,8672,23097
55,21,989.66,22.47,-163.03,21.74,8674,24495
55,21,989.66,22.47,-163.03,21.74,8675,25622
55,21,989.66,22.47,-163.03,21.74,8676,27020
55,21,989.66,22.47,-163.04,21.74,8677,28147
55,21,989.66,22.47,-163.03,21.74,8679,29546
55,21,989.66,22.46,-163.01,21.73,8680,30672
55,21,989.66,22.46,-163.04,21.73,8681,32071
55,21,989.66,22.46,-163.06,21.73,8682,-32338
55,21,989.66,22.46,-163.04,21.73,8684,-30940
55,21,989.66,22.46,-163.04,21.73,8685,-29811
55,21,989.65,22.46,-163.00,21.73,8686,-28412
55,21,989.66,22.46,-163.01,21.73,8688,-27284
55,21,989.65,22.46,-163.00,21.73,8689,-25885
55,21,989.66,22.46,-163.01,21.73,8690,-24758
55,21,989.65,22.45,-162.96,21.73,8691,-23358
55,21,989.65,22.45,-162.95,21.73,8693,-22231
55,21,989.65,22.45,-162.96,21.73,8694,-20832
55,21,989.65,22.45,-162.96,21.73,8695,-19703
55,21,989.65,22.45,-162.94,21.73,8697,-18304
55,21,989.65,22.45,-162.98,21.73,8698,-17176
55,21,989.65,22.45,-162.98,21.73,8699,-15777
55,21,989.65,22.45,-162.99,21.73,8700,-14649
55,21,989.65,22.45,-163.01,21.73,8702,-13249
55,21,989.65,22.45,-162.99,21.73,8703,-12122
55,21,989.65,22.45,-162.99,21.73,8704,-10722
55,21,989.66,22.45,-163.02,21.73,8705,-9594
55,21,989.65,22.45,-163.01,21.73,8707,-8197
55,21,989.66,22.45,-163.05,21.73,8708,-7069
55,21,989.66,22.45,-163.04,21.73,8709,-5670
55,21,989.66,22.46,-163.07,21.73,8710,-4544
55,21,989.66,22.45,-163.09,21.73,8712,-3146
55,21,989.67,22.45,-163.11,21.73,8713,-2019
55,21,989.67,22.45,-163.14,21.73,8714,-621
55,21,989.67,22.45,-163.11,21.73,8715,505
55,21,989.67,22.46,-163.10,21.73,8717,1902
55,21,989.66,22.46,-163.07,21.73,8718,3027
55,21,989.66,22.46,-163.09,21.73,8719,4425
55,21,989.66,22.46,-163.04,21.73,8720,5551
55,21,989.66,22.46,-163.06,21.73,8722,6947
55,21,989.66,22.46,-163.04,21.73,8723,8074
55,21,989.66,22.46,-163.03,21.73,8724,9470
55,21,989.65,22.46,-163.00,21.73,8725,10597
55,21,989.65,22.46,-163.00,21.73,8727,11996
55,21,989.65,22.46,-162.98,21.73,8728,13122
55,21,989.65,22.47,-163.00,21.74,8729,14520
55,21,989.65,22.47,-162.97,21.74,8730,15647
55,21,989.65,22.47,-162.97,21.74,8732,17045
55,21,989.65,22.47,-162.97,21.74,8733,18172
55,21,989.65,22.47,-162.95,21.74,8734,19571
55,21,989.65,22.47,-162.96,21.74,8736,20698
55,21,989.65,22.47,-162.93,21.74,8737,22095
55,21,989.64,22.47,-162.90,21.74,8738,23223
55,21,989.64,22.48,-162.89,21.74,8739,24621
55,21,989.64,22.48,-162.87,21.74,8741,25748
55,21,989.64,22.48,-162.87,21.74,8742,27147
55,21,989.64,22.48,-162.90,21.74,8743,28273
55,21,989.65,22.48,-162.93,21.74,8744,29671
55,21,989.65,22.48,-162.93,21.74,8746,30798
55,21,989.65,22.48,-162.94,21.74,8747,32196
55,21,989.65,22.48,-162.98,21.74,8748,-32212
55,21,989.65,22.48,-162.96,21.74,8750,-30813
55,21,989.65,22.48,-162.93,21.74,8751,-29685
55,21,989.63,22.47,-162.80,21.74,8752,-28286
55,21,989.61,22.46,-162.63,21.73,8753,-27158
55,21,989.60,22.45,-162.55,21.73,8755,-25759
55,21,989.59,22.45,-162.47,21.73,8756,-24631
55,21,989.58,22.44,-162.38,21.72,8757,-23231
55,21,989.57,22.43,-162.27,21.72,8758,-22104
55,21,989.57,22.43,-162.26,21.72,8760,-20704
55,21,989.56,22.42,-162.23,21.71,8761,-19576
55,21,989.55,22.42,-162.15,21.71,8762,-18178
55,21,989.55,22.41,-162.12,21.70,8763,-17049
55,21,989.54,22.41,-162.06,21.70,8765,-15649
55,21,989.54,22.40,-161.99,21.70,8766,-14522
55,21,989.54,22.40,-162.00,21.70,8767,-13122
55,21,989.53,22.40,-161.97,21.70,8768,-11995
55,21,989.52,22.39,-161.88,21.69,8770,-10596
55,21,989.50,22.38,-161.66,21.69,8771,-9467
55,21,989.47,22.36,-161.39,21.68,8772,-8069
55,21,989.45,22.35,-161.28,21.67,8773,-6942
55,21,989.44,22.34,-161.05,21.67,8775,-5543
55,21,989.41,22.32,-160.95,21.66,8776,-4417
55,21,989.39,22.30,-160.71,21.65,8777,-3019
55,21,989.36,22.29,-160.50,21.65,8778,-1892
55,21,989.34,22.27,-160.31,21.64,8780,-493
55,21,989.32,22.26,-160.17,21.63,8781,632
55,21,989.31,22.25,-160.02,21.63,8782,2028
55,21,989.29,22.25,-159.93,21.63,8784,3154
55,21,989.29,22.24,-159.85,21.62,8785,4551
55,21,989.26,22.23,-159.67,21.61,8786,5678
55,21,989.26,22.23,-159.61,21.61,8787,7075
55,21,989.25,22.22,-159.53,21.61,8789,8201
55,21,989.24,22.22,-159.49,21.61,8790,9597
55,21,989.24,22.22,-159.44,21.61,8791,10724
55,21,989.24,22.22,-159.47,21.61,8792,12122
55,21,989.24,22.22,-159.46,21.61,8794,13248
55,21,989.24,22.23,-159.49,21.61,8795,14647
55,21,989.24,22.23,-159.49,21.61,8796,15773
55,21,989.23,22.22,-159.40,21.61,8798,17171
55,21,989.23,22.22,-159.33,21.61,8799,18298
55,21,989.22,22.22,-159.32,21.61,8800,19697
55,21,989.22,22.22,-159.29,21.61,8801,20824
55,21,989.21,22.22,-159.22,21.61,8803,22222
55,21,989.21,22.22,-159.19,21.61,8804,23349
55,21,989.21,22.22,-159.18,21.61,8805,24747
55,21,989.22,22.22,-159.27,21.61,8806,25874
55,21,989.27,22.26,-159.70,21.63,8808,27273
55,21,989.32,22.29,-160.15,21.65,8809,28399
55,21,989.33,22.30,-160.20,21.65,8810,29797
55,21,989.32,22.29,-160.18,21.65,8811,30924
55,21,989.34,22.31,-160.35,21.65,8813,32322
55,21,989.36,22.31,-160.45,21.65,8814,-32087
55,21,989.38,22.33,-160.67,21.67,8815,-30687
55,21,989.38,22.33,-160.62,21.67,8816,-29559
55,21,989.39,22.33,-160.70,21.67,8818,-28160
55,21,989.39,22.33,-160.74,21.67,8819,-27032
55,21,989.41,22.35,-160.94,21.67,8820,-25633
55,21,989.39,22.34,-160.75,21.67,8821,-24505
55,21,989.38,22.33,-160.66,21.67,8823,-23105
55,21,989.36,22.32,-160.52,21.66,8824,-21978
55,21,989.36,22.32,-160.49,21.66,8825,-20579
55,21,989.39,22.34,-160.75,21.67,8826,-19450
55,21,989.40,22.34,-160.79,21.67,8828,-18052
55,21,989.39,22.34,-160.77,21.67,8829,-16923
55,21,989.40,22.34,-160.79,21.67,8830,-15523
55,21,989.42,22.35,-160.96,21.67,8832,-14396
55,21,989.44,22.37,-161.21,21.69,8833,-12997
55,21,989.44,22.37,-161.21,21.69,8834,-11869
55,21,989.45,22.37,-161.22,21.69,8835,-10470
55,21,989.45,22.38,-161.26,21.69,8837,-9341
55,21,989.44,22.37,-161.17,21.69,8838,-7943
55,21,989.44,22.37,-161.15,21.69,8839,-6816
55,21,989.45,22.37,-161.25,21.69,8840,-5417
55,21,989.46,22.37,-161.32,21.69,8842,-4291
55,21,989.43,22.35,-161.09,21.67,8843,-2893
55,21,989.41,22.34,-160.91,21.67,8844,-1766
55,21,989.40,22.33,-160.79,21.67,8846,-368
55,21,989.36,22.30,-160.52,21.65,8847,758
55,21,989.34,22.29,-160.31,21.65,8848,2154
55,21,989.33,22.28,-160.22,21.64,8849,3279
55,21,989.31,22.27,-160.05,21.64,8851,4676
55,21,989.29,22.25,-159.90,21.63,8852,5803
55,21,989.27,22.24,-159.74,21.62,8853,7199
55,21,989.26,22.24,-159.66,21.62,8854,8326
55,21,989.25,22.23,-159.55,21.61,8856,9722
55,21,989.26,22.24,-159.67,21.62,8857,10848
55,21,989.25,22.23,-159.51,21.61,8858,12246
55,21,989.20,22.20,-159.13,21.60,8859,13373
55,21,989.16,22.17,-158.79,21.58,8861,14771
55,21,989.12,22.14,-158.40,21.57,8862,15898
55,21,989.13,22.14,-158.51,21.57,8863,17297
55,21,989.10,22.12,-158.22,21.56,8864,18423
55,21,989.06,22.10,-157.94,21.55,8866,19821
55,21,989.05,22.09,-157.85,21.55,8867,20948
55,21,989.02,22.07,-157.61,21.53,8868,22346
55,21,989.00,22.06,-157.44,21.53,8869,23474
55,21,988.99,22.05,-157.32,21.52,8871,24872
55,21,988.98,22.03,-157.21,21.51,8872,25999
55,21,988.96,22.02,-157.03,21.51,8873,27397
55,21,988.97,22.03,-157.16,21.51,8874,28524
55,21,989.04,22.08,-157.78,21.54,8876,29922
55,21,989.08,22.10,-158.05,21.55,8877,31049
55,21,989.11,22.12,-158.33,21.56,8878,32448
55,21,989.13,22.14,-158.54,21.57,8879,-31962
55,21,989.18,22.17,-158.98,21.58,8881,-30562
55,21,989.23,22.20,-159.35,21.60,8882,-29434
55,21,989.27,22.23,-159.70,21.61,8883,-28036
55,21,989.24,22.21,-159.47,21.60,8885,-26907
55,21,989.26,22.23,-159.64,21.61,8886,-25508
55,21,989.28,22.24,-159.80,21.62,8887,-24380
55,21,989.32,22.27,-160.11,21.64,8888,-22980
55,21,989.37,22.30,-160.54,21.65,8890,-21853
55,21,989.41,22.33,-160.88,21.67,8891,-20453
55,21,989.41,22.33,-160.95,21.67,8892,-19325
55,21,989.43,22.35,-161.12,21.67,8894,-17927
55,21,989.41,22.33,-160.89,21.67,8895,-16798
55,21,989.38,22.31,-160.67,21.65,8896,-15399
55,21,989.36,22.29,-160.52,21.65,8897,-14271
55,21,989.27,22.23,-159.68,21.61,8899,-12872
55,21,989.25,22.22,-159.67,21.61,8900,-11744
55,21,989.19,22.18,-159.06,21.59,8901,-10344
55,21,989.20,22.19,-159.09,21.60,8902,-9216
55,21,989.14,22.15,-158.63,21.58,8904,-7819
55,21,989.10,22.13,-158.28,21.56,8905,-6691
55,21,989.06,22.10,-157.89,21.55,8906,-5294
55,21,989.02,22.07,-157.57,21.53,8907,-4166
55,21,988.99,22.05,-157.28,21.52,8909,-2767
55,21,988.98,22.05,-157.20,21.52,8910,-1641
55,21,988.96,22.04,-157.09,21.52,8911,-243
55,21,988.94,22.02,-156.88,21.51,8912,883
55,21,988.91,22.00,-156.63,21.50,8914,2279
55,21,988.91,22.00,-156.62,21.50,8915,3404
55,21,988.91,22.00,-156.59,21.50,8916,4802
55,21,988.92,22.01,-156.71,21.51,8917,5927
55,21,988.92,22.01,-156.71,21.51,8919,7324
55,21,988.92,22.02,-156.73,21.51,8920,8451
55,21,988.95,22.04,-156.99,21.52,8921,9848
55,21,988.94,22.03,-156.91,21.51,8922,10974
55,21,988.93,22.02,-156.78,21.51,8924,12371
55,21,988.91,22.01,-156.61,21.51,8925,13499
55,21,988.89,21.99,-156.45,21.49,8926,14897
55,21,988.88,21.99,-156.41,21.49,8927,16024
55,21,988.86,21.98,-156.24,21.49,8929,17423
55,21,988.86,21.97,-156.24,21.49,8930,18549
55,21,988.87,21.98,-156.29,21.49,8931,19948
55,21,988.91,21.99,-156.67,21.49,8933,21095
55,21,988.99,22.05,-157.29,21.52,8934,22493
55,21,989.02,22.07,-157.58,21.53,8935,23620
55,21,989.03,22.08,-157.64,21.54,8936,25019
55,21,989.00,22.06,-157.41,21.53,8938,26145
55,21,988.96,22.03,-157.06,21.51,8939,27543
55,21,988.93,22.01,-156.81,21.51,8940,28670
55,21,988.92,22.00,-156.71,21.50,8942,30068
55,21,988.92,22.00,-156.72,21.50,8943,31196
55,21,988.91,21.99,-156.60,21.49,8944,32593
55,21,988.90,21.99,-156.59,21.49,8945,-31816
55,21,988.92,22.00,-156.76,21.50,8947,-30416
55,21,988.92,21.99,-156.68,21.49,8948,-29289
55,21,988.92,22.00,-156.73,21.50,8949,-27890
55,21,988.90,21.98,-156.51,21.49,8950,-26762
55,21,988.89,21.97,-156.48,21.49,8952,-25363
55,21,988.89,21.97,-156.46,21.49,8953,-24234
55,21,988.89,21.97,-156.46,21.49,8954,-22835
55,21,988.91,21.99,-156.66,21.49,8955,-21707
55,21,988.90,21.98,-156.51,21.49,8957,-20308
55,21,988.89,21.97,-156.46,21.49,8958,-19180
55,21,988.88,21.97,-156.40,21.49,8959,-17781
55,21,988.90,21.98,-156.57,21.49,8960,-16653
55,21,988.89,21.97,-156.46,21.49,8962,-15254
55,21,988.88,21.96,-156.37,21.48,8963,-14126
55,21,988.86,21.95,-156.24,21.48,8964,-12726
55,21,988.85,21.94,-156.11,21.47,8965,-11598
55,21,988.85,21.94,-156.11,21.47,8967,-10200
55,21,988.83,21.93,-155.97,21.47,8968,-9071
55,21,988.84,21.94,-156.06,21.47,8969,-7673
55,21,988.84,21.94,-156.01,21.47,8970,-6546
55,21,988.83,21.93,-155.97,21.47,8972,-5147
55,21,988.84,21.94,-156.05,21.47,8973,-4021
55,21,988.87,21.96,-156.31,21.48,8974,-2623
55,21,988.87,21.96,-156.31,21.48,8975,-1496
55,21,988.87,21.96,-156.31,21.48,8977,-98
55,21,988.86,21.95,-156.23,21.48,8978,1028
55,21,988.86,21.96,-156.25,21.48,8979,2425
55,21,988.86,21.95,-156.17,21.48,8981,3551
55,21,988.88,21.96,-156.34,21.48,8982,4947
55,21,988.86,21.96,-156.25,21.48,8983,6074
55,21,988.86,21.96,-156.25,21.48,8984,7471
55,21,988.87,21.96,-156.25,21.48,8986,8597
55,21,988.86,21.95,-156.17,21.48,8987,9995
55,21,988.85,21.95,-156.16,21.48,8988,11120
55,21,988.85,21.95,-156.16,21.48,8989,12518
55,21,988.86,21.96,-156.19,21.48,8991,13645
55,21,988.91,21.99,-156.66,21.49,8992,15043
55,21,989.01,22.06,-157.53,21.53,8993,16171
55,21,989.12,22.12,-158.41,21.56,8995,17569
55,21,989.17,22.16,-158.85,21.58,8996,18696
55,21,989.23,22.20,-159.39,21.60,8997,20093
55,21,989.26,22.22,-159.65,21.61,8998,21221
55,21,989.31,22.25,-160.06,21.63,9000,22619
55,21,989.33,22.26,-160.20,21.63,9001,23746
55,21,989.35,22.27,-160.39,21.64,9002,25145
55,21,989.37,22.28,-160.56,21.64,9003,26271
55,21,989.33,22.26,-160.25,21.63,9005,27669
55,21,989.26,22.21,-159.65,21.60,9006,28796
55,21,989.21,22.18,-159.20,21.59,9007,30194
55,21,989.17,22.15,-158.90,21.58,9008,31322
55,21,989.13,22.12,-158.50,21.56,9010,32720
55,21,989.09,22.09,-158.15,21.55,9011,-31689
55,21,989.05,22.06,-157.82,21.53,9012,-30290
55,21,989.02,22.05,-157.62,21.52,9013,-29162
55,21,989.01,22.03,-157.47,21.51,9015,-27763
55,21,988.98,22.01,-157.22,21.51,9016,-26635
55,21,988.95,21.99,-156.97,21.49,9017,-25235
55,21,988.93,21.98,-156.82,21.49,9018,-24108
55,21,988.91,21.97,-156.61,21.49,9020,-22709
55,21,988.89,21.95,-156.45,21.48,9021,-21580
55,21,988.87,21.94,-156.31,21.47,9022,-20181
55,21,988.87,21.94,-156.31,21.47,9023,-19053
55,21,988.86,21.94,-156.24,21.47,9025,-17653
55,21,988.86,21.94,-156.21,21.47,9026,-16526
55,21,988.86,21.93,-156.18,21.47,9027,-15127
55,21,988.86,21.94,-156.21,21.47,9029,-13999
55,21,988.85,21.93,-156.15,21.47,9030,-12600
55,21,988.85,21.93,-156.12,21.47,9031,-11471
55,21,988.86,21.94,-156.21,21.47,9032,-10072
55,21,988.86,21.94,-156.20,21.47,9034,-8944
55,21,988.85,21.94,-156.14,21.47,9035,-7545
55,21,988.86,21.94,-156.24,21.47,9036,-6419
55,21,988.87,21.95,-156.27,21.48,9037,-5021
55,21,988.87,21.95,-156.26,21.48,9039,-3894
55,21,988.88,21.95,-156.35,21.48,9040,-2495
55,21,988.88,21.96,-156.40,21.48,9041,-1369
55,21,988.88,21.95,-156.38,21.48,9043,29
55,21,988.90,21.96,-156.52,21.48,9044,1154
55,21,988.92,21.98,-156.68,21.49,9045,2550
55,21,988.91,21.97,-156.64,21.49,9046,3677
55,21,988.91,21.97,-156.61,21.49,9048,5074
55,21,988.90,21.97,-156.53,21.49,9049,6200
55,21,988.89,21.96,-156.49,21.48,9050,7597
55,21,988.88,21.96,-156.40,21.48,9051,8723
55,21,988.86,21.94,-156.23,21.47,9053,10121
55,21,988.85,21.93,-156.12,21.47,9054,11247
55,21,988.84,21.93,-156.05,21.47,9055,12646
55,21,988.86,21.94,-156.18,21.47,9056,13772
55,21,988.86,21.94,-156.17,21.47,9058,15170
55,21,988.84,21.93,-156.08,21.47,9059,16297
55,21,988.84,21.93,-156.05,21.47,9060,17696
55,21,988.83,21.92,-155.95,21.46,9061,18823
55,21,988.83,21.92,-155.94,21.46,9063,20221
55,21,988.84,21.93,-156.02,21.47,9064,21348
55,21,988.83,21.92,-155.95,21.46,9065,22746
55,21,988.83,21.92,-155.90,21.46,9066,23873
55,21,988.83,21.92,-155.93,21.46,9068,25272
55,21,988.88,21.95,-156.35,21.48,9069,26398
55,21,988.93,21.99,-156.82,21.49,9070,27796
55,21,988.99,22.03,-157.29,21.51,9071,28923
55,21,989.07,22.09,-158.03,21.55,9073,30321
55,21,989.11,22.11,-158.35,21.56,9074,31449
55,21,989.11,22.11,-158.34,21.56,9075,-32689
55,21,989.07,22.08,-157.97,21.54,9076,-31561
55,21,989.03,22.06,-157.65,21.53,9078,-30162
55,21,989.05,22.07,-157.84,21.53,9079,-29034
55,21,989.03,22.06,-157.68,21.53,9080,-27635
55,21,989.01,22.04,-157.47,21.52,9082,-26507
55,21,988.99,22.02,-157.29,21.51,9083,-25107
55,21,989.02,22.05,-157.57,21.52,9084,-23980
55,21,988.98,22.02,-157.24,21.51,9085,-22581
55,21,988.96,22.00,-157.05,21.50,9087,-21452
55,21,988.97,22.01,-157.16,21.51,9088,-20053
55,21,988.99,22.02,-157.29,21.51,9089,-18925
55,21,988.97,22.01,-157.17,21.51,9091,-17525
55,21,988.95,22.00,-157.00,21.50,9092,-16398
55,21,988.94,21.98,-156.87,21.49,9093,-14999
55,21,988.92,21.97,-156.74,21.49,9094,-13871
55,21,988.91,21.96,-156.62,21.48,9096,-12472
55,21,988.90,21.96,-156.56,21.48,9097,-11343
55,21,988.90,21.95,-156.51,21.48,9098,-9944
55,21,988.88,21.94,-156.35,21.47,9099,-8817
55,21,988.87,21.93,-156.27,21.47,9101,-7418
55,21,988.87,21.92,-156.25,21.46,9102,-6292
55,21,988.86,21.92,-156.22,21.46,9103,-4894
55,21,988.87,21.92,-156.25,21.46,9104,-3767
55,21,988.88,21.93,-156.35,21.47,9106,-2368
55,21,988.88,21.93,-156.40,21.47,9107,-1242
55,21,988.87,21.92,-156.26,21.46,9108,156
55,21,988.85,21.91,-156.15,21.45,9109,1282
55,21,988.84,21.91,-156.06,21.45,9111,2678
55,21,988.84,21.90,-156.01,21.45,9112,3805
55,21,988.82,21.89,-155.88,21.44,9113,5202
55,21,988.82,21.89,-155.84,21.44,9114,6328
55,21,988.85,21.91,-156.11,21.45,9116,7725
55,21,988.84,21.91,-156.06,21.45,9117,8851
55,21,988.87,21.93,-156.33,21.47,9118,10249
55,21,988.86,21.92,-156.21,21.46,9119,11375
55,21,988.83,21.90,-155.93,21.45,9121,12774
55,21,988.82,21.89,-155.83,21.44,9122,13900
55,21,988.82,21.89,-155.82,21.44,9123,15298
55,21,988.81,21.89,-155.79,21.44,9124,16425
55,21,988.81,21.89,-155.81,21.44,9126,17824
55,21,988.82,21.89,-155.82,21.44,9127,18951
55,21,988.85,21.91,-156.11,21.45,9128,20349
55,21,988.86,21.92,-156.18,21.46,9130,21476
55,21,988.84,21.91,-156.06,21.45,9131,22874
55,21,988.84,21.91,-156.06,21.45,9132,24001
55,21,988.83,21.90,-155.96,21.45,9133,25400
55,21,988.82,21.90,-155.90,21.45,9135,26526
55,21,988.81,21.89,-155.76,21.44,9136,27924
55,21,988.78,21.87,-155.53,21.44,9137,29051
55,21,988.77,21.86,-155.47,21.43,9138,30449
55,21,988.77,21.86,-155.47,21.43,9140,31577
55,21,988.78,21.87,-155.55,21.44,9141,-32561
55,21,988.82,21.89,-155.87,21.44,9142,-31433
55,21,988.83,21.90,-155.97,21.45,9144,-30034
55,21,988.85,21.91,-156.09,21.45,9145,-28906
55,21,988.88,21.93,-156.38,21.47,9146,-27507
55,21,988.86,21.92,-156.22,21.46,9147,-26379
55,21,988.88,21.93,-156.39,21.47,9149,-24979
55,21,988.87,21.92,-156.25,21.46,9150,-23852
55,21,988.86,21.92,-156.22,21.46,9151,-22453
55,21,988.84,21.90,-156.02,21.45,9152,-21324
55,21,988.83,21.89,-155.91,21.44,9154,-19925
55,21,988.85,21.90,-156.08,21.45,9155,-18797
55,21,988.86,21.91,-156.20,21.45,9156,-17398
55,21,988.86,21.92,-156.23,21.46,9157,-16271
55,21,988.86,21.92,-156.24,21.46,9159,-14871
55,21,988.91,21.95,-156.64,21.48,9160,-13744
55,21,988.88,21.93,-156.40,21.47,9161,-12345
55,21,988.88,21.93,-156.35,21.47,9162,-11216
55,21,988.86,21.92,-156.23,21.46,9164,-9818
55,21,988.85,21.91,-156.11,21.45,9165,-8690
55,21,988.84,21.90,-156.01,21.45,9166,-7291
55,21,988.83,21.90,-155.96,21.45,9167,-6165
55,21,988.85,21.91,-156.09,21.45,9169,-4767
55,21,988.84,21.90,-156.01,21.45,9170,-3640
55,21,988.81,21.89,-155.79,21.44,9171,-2242
55,21,988.79,21.87,-155.61,21.44,9172,-1115
55,21,988.79,21.87,-155.61,21.44,9174,284
55,21,988.78,21.87,-155.52,21.44,9175,1409
55,21,988.78,21.87,-155.56,21.44,9176,2805
55,21,988.79,21.87,-155.58,21.44,9178,3932
55,21,988.77,21.85,-155.42,21.42,9179,5328
55,21,988.76,21.85,-155.33,21.42,9180,6455
55,21,988.76,21.85,-155.35,21.42,9181,7853
55,21,988.77,21.86,-155.44,21.43,9183,8978
55,21,988.77,21.86,-155.44,21.43,9184,10375
55,21,988.77,21.85,-155.42,21.42,9185,11502
55,21,988.77,21.85,-155.42,21.42,9186,12900
55,21,988.77,21.85,-155.41,21.42,9188,14026
55,21,988.76,21.85,-155.33,21.42,9189,15425
55,21,988.76,21.84,-155.32,21.42,9190,16551
55,21,988.78,21.86,-155.49,21.43,9192,17949
55,21,988.77,21.85,-155.43,21.42,9193,19077
55,21,988.78,21.86,-155.51,21.43,9194,20474
55,21,988.78,21.86,-155.56,21.43,9195,21602
55,21,988.80,21.87,-155.67,21.44,9197,23001
55,21,988.83,21.89,-155.96,21.44,9198,24127
55,21,988.86,21.91,-156.18,21.45,9199,25525
55,21,988.86,21.91,-156.22,21.45,9200,26652
55,21,988.87,21.92,-156.26,21.46,9202,28050
55,21,988.86,21.91,-156.17,21.45,9203,29176
55,21,988.89,21.93,-156.43,21.47,9204,30575
55,21,988.89,21.93,-156.45,21.47,9205,31702
55,21,988.86,21.92,-156.22,21.46,9207,-32437
55,21,988.85,21.91,-156.08,21.45,9208,-31308
55,21,988.84,21.91,-156.05,21.45,9209,-29908
55,21,988.89,21.94,-156.46,21.47,9210,-28781
55,21,988.87,21.93,-156.31,21.47,9212,-27381
55,21,988.86,21.92,-156.21,21.46,9213,-26254
55,21,988.85,21.91,-156.11,21.45,9214,-24855
55,21,988.85,21.91,-156.08,21.45,9215,-23727
55,21,988.85,21.91,-156.08,21.45,9217,-22328
55,21,988.86,21.92,-156.22,21.46,9218,-21199
55,21,988.87,21.93,-156.28,21.47,9219,-19800
55,21,988.87,21.92,-156.26,21.46,9220,-18672
55,21,988.90,21.94,-156.51,21.47,9222,-17273
55,21,988.90,21.94,-156.52,21.47,9223,-16121
55,21,988.90,21.94,-156.54,21.47,9224,-14722
55,21,988.89,21.94,-156.45,21.47,9226,-13594
55,21,988.88,21.93,-156.38,21.47,9227,-12194
55,21,988.89,21.94,-156.45,21.47,9228,-11067
55,21,988.88,21.93,-156.38,21.47,9229,-9668
55,21,988.88,21.93,-156.39,21.47,9231,-8541
55,21,988.87,21.93,-156.30,21.47,9232,-7143
55,21,988.86,21.92,-156.22,21.46,9233,-6015
55,21,988.87,21.92,-156.25,21.46,9234,-4617
55,21,988.88,21.93,-156.34,21.47,9236,-3490
55,21,988.87,21.92,-156.25,21.46,9237,-2093
55,21,988.87,21.92,-156.25,21.46,9238,-965
55,21,988.86,21.92,-156.23,21.46,9240,432
55,21,988.86,21.92,-156.22,21.46,9241,1557
55,21,988.87,21.92,-156.26,21.46,9242,2955
55,21,988.88,21.93,-156.34,21.47,9243,4080
55,21,988.86,21.92,-156.22,21.46,9245,5477
55,21,988.85,21.91,-156.13,21.45,9246,6603
55,21,988.84,21.90,-156.01,21.45,9247,8000
55,21,988.85,21.91,-156.09,21.45,9248,9126
55,21,988.85,21.90,-156.09,21.45,9250,10524
55,21,988.89,21.94,-156.48,21.47,9251,11651
55,21,988.93,21.96,-156.80,21.48,9252,13049
55,21,988.96,21.98,-157.07,21.49,9253,14176
55,21,989.02,22.01,-157.54,21.51,9255,15574
55,21,988.98,21.99,-157.19,21.49,9256,16701
55,21,988.96,21.98,-157.05,21.49,9257,18099
55,21,988.95,21.97,-157.01,21.49,9258,19226
55,21,988.95,21.96,-156.96,21.48,9260,20625
55,21,988.99,21.99,-157.31,21.49,9261,21751
55,21,988.98,21.98,-157.25,21.49,9262,23150
55,21,988.97,21.97,-157.13,21.49,9263,24276
55,21,988.96,21.96,-157.04,21.48,9265,25676
55,21,988.94,21.95,-156.91,21.48,9266,26804
55,21,988.92,21.93,-156.68,21.47,9267,28201
55,21,988.93,21.94,-156.83,21.47,9268,29329
55,21,988.93,21.94,-156.85,21.47,9270,30728
55,21,988.93,21.94,-156.80,21.47,9271,31854
55,21,988.94,21.94,-156.88,21.47,9272,-32283
55,21,988.94,21.94,-156.88,21.47,9273,-31156
55,21,988.95,21.95,-156.97,21.48,9275,-29757
55,21,988.95,21.94,-156.95,21.47,9276,-28628
55,21,988.93,21.93,-156.77,21.47,9277,-27230
55,21,988.93,21.93,-156.79,21.47,9279,-26101
55,21,988.91,21.92,-156.60,21.46,9280,-24702
55,21,988.90,21.92,-156.59,21.46,9281,-23574
55,21,988.89,21.90,-156.45,21.45,9282,-22174
55,21,988.88,21.90,-156.41,21.45,9284,-21047
55,21,988.88,21.90,-156.38,21.45,9285,-19647
55,21,988.87,21.89,-156.33,21.44,9286,-18520
55,21,988.87,21.89,-156.25,21.44,9288,-17120
55,21,988.86,21.88,-156.17,21.44,9289,-15992
55,21,988.86,21.88,-156.19,21.44,9290,-14594
55,21,988.87,21.89,-156.26,21.44,9291,-13465
55,21,988.86,21.88,-156.21,21.44,9293,-12066
55,21,988.89,21.90,-156.45,21.45,9294,-10938
55,21,988.87,21.89,-156.25,21.44,9295,-9539
55,21,988.85,21.88,-156.13,21.44,9296,-8413
55,21,988.84,21.87,-155.99,21.44,9298,-7014
55,21,988.84,21.87,-156.02,21.44,9299,-5887
55,21,988.85,21.88,-156.16,21.44,9300,-4490
55,21,988.86,21.89,-156.24,21.44,9301,-3362
55,21,988.86,21.89,-156.18,21.44,9303,-1965
55,21,988.87,21.90,-156.33,21.45,9304,-837
55,21,988.88,21.90,-156.38,21.45,9305,560
55,21,988.94,21.94,-156.92,21.47,9306,1685
55,21,988.93,21.93,-156.77,21.47,9308,3082
55,21,988.92,21.92,-156.71,21.46,9309,4207
55,21,988.90,21.91,-156.54,21.45,9310,5605
55,21,988.87,21.89,-156.31,21.44,9311,6730
55,21,988.85,21.88,-156.13,21.44,9313,8127
55,21,988.85,21.88,-156.13,21.44,9314,9253
55,21,988.83,21.86,-155.97,21.43,9315,10650
55,21,988.81,21.85,-155.79,21.42,9316,11778
55,21,988.88,21.90,-156.41,21.45,9318,13176
55,21,988.91,21.91,-156.63,21.45,9319,14303
55,21,988.94,21.93,-156.90,21.47,9320,15702
55,21,988.98,21.96,-157.27,21.48,9321,16828
55,21,988.98,21.95,-157.21,21.48,9323,18226
55,21,988.96,21.94,-157.03,21.47,9324,19353
55,21,988.93,21.93,-156.85,21.47,9325,20751
55,21,988.92,21.92,-156.73,21.46,9327,21878
55,21,988.94,21.93,-156.86,21.47,9328,23276
55,21,988.91,21.91,-156.63,21.45,9329,24402
55,21,988.90,21.90,-156.51,21.45,9330,25801
55,21,988.91,21.91,-156.60,21.45,9332,26928
55,21,988.90,21.90,-156.58,21.45,9333,28326
55,21,988.90,21.90,-156.52,21.45,9334,29453
55,21,988.89,21.89,-156.43,21.44,9336,30851
55,21,988.88,21.89,-156.37,21.44,9337,31978
55,21,988.88,21.89,-156.34,21.44,9338,-32160
55,21,988.86,21.88,-156.24,21.44,9339,-31032
55,21,988.87,21.88,-156.31,21.44,9341,-29632
55,21,988.88,21.89,-156.35,21.44,9342,-28505
55,21,988.85,21.87,-156.14,21.44,9343,-27105
55,21,988.85,21.87,-156.11,21.44,9344,-25977
55,21,988.85,21.87,-156.11,21.44,9346,-24578
55,21,988.84,21.86,-156.05,21.43,9347,-23450
55,21,988.86,21.88,-156.23,21.44,9348,-22051
55,21,988.86,21.88,-156.17,21.44,9349,-20923
55,21,988.85,21.87,-156.08,21.44,9351,-19524
55,21,988.83,21.86,-155.95,21.43,9352,-18396
55,21,988.82,21.86,-155.87,21.43,9353,-16997
55,21,988.82,21.86,-155.84,21.43,9354,-15868
55,21,988.82,21.86,-155.87,21.43,9356,-14469
55,21,988.82,21.86,-155.90,21.43,9357,-13341
55,21,988.83,21.87,-155.96,21.44,9358,-11941
55,21,988.87,21.89,-156.28,21.44,9359,-10814
55,21,988.87,21.89,-156.28,21.44,9361,-9415
55,21,988.88,21.90,-156.42,21.45,9362,-8288
55,21,988.89,21.91,-156.46,21.45,9363,-6890
55,21,988.87,21.89,-156.30,21.44,9364,-5763
55,21,988.89,21.91,-156.50,21.45,9366,-4365
55,21,988.87,21.90,-156.30,21.45,9367,-3237
55,21,988.85,21.88,-156.14,21.44,9368,-1840
55,21,988.87,21.90,-156.31,21.45,9369,-713
55,21,988.88,21.90,-156.41,21.45,9371,685
55,21,988.87,21.90,-156.33,21.45,9372,1809
55,21,988.86,21.89,-156.21,21.44,9373,3206
55,21,988.84,21.87,-156.04,21.44,9375,4332
55,21,988.85,21.88,-156.11,21.44,9376,5729
55,21,988.83,21.86,-155.93,21.43,9377,6855
55,21,988.82,21.86,-155.90,21.43,9378,8252
55,21,988.83,21.86,-155.92,21.43,9380,9377
55,21,988.82,21.86,-155.89,21.43,9381,10775
55,21,988.81,21.85,-155.76,21.42,9382,11901
55,21,988.80,21.84,-155.71,21.42,9383,13299
55,21,988.78,21.83,-155.50,21.42,9385,14427
55,21,988.77,21.82,-155.44,21.41,9386,15824
55,21,988.77,21.82,-155.40,21.41,9387,16952
55,21,988.76,21.82,-155.38,21.41,9389,18351
55,21,988.77,21.82,-155.41,21.41,9390,19477
55,21,988.76,21.82,-155.38,21.41,9391,20876
55,21,988.78,21.84,-155.53,21.42,9392,22002
55,21,988.85,21.89,-156.15,21.44,9394,23400
55,21,988.86,21.89,-156.24,21.44,9395,24527
55,21,988.93,21.94,-156.82,21.47,9396,25925
55,21,988.91,21.92,-156.62,21.46,9397,27053
55,21,988.89,21.91,-156.50,21.45,9399,28450
55,21,988.87,21.89,-156.28,21.44,9400,29578
55,21,988.85,21.88,-156.13,21.44,9401,30977
55,21,988.83,21.87,-155.98,21.44,9402,32103
55,21,988.80,21.85,-155.70,21.42,9404,-32034
55,21,988.81,21.85,-155.74,21.42,9405,-30907
55,21,988.83,21.87,-155.95,21.44,9406,-29508
55,21,988.84,21.87,-155.99,21.44,9407,-28380
55,21,988.84,21.87,-156.04,21.44,9409,-26981
55,21,988.85,21.88,-156.12,21.44,9410,-25852
55,21,988.86,21.89,-156.19,21.44,9411,-24454
55,21,988.86,21.89,-156.22,21.44,9412,-23325
55,21,988.85,21.88,-156.16,21.44,9414,-21925
55,21,988.86,21.88,-156.22,21.44,9415,-20798
55,21,988.93,21.93,-156.80,21.47,9416,-19398
55,21,988.96,21.95,-157.07,21.48,9417,-18271
55,21,989.01,21.98,-157.52,21.49,9419,-16872
55,21,989.06,22.01,-157.94,21.51,9420,-15743
55,21,989.05,22.00,-157.83,21.50,9421,-14345
55,21,989.06,22.01,-157.91,21.51,9423,-13216
55,21,989.06,22.01,-157.93,21.51,9424,-11817
55,21,989.09,22.03,-158.19,21.51,9425,-10689
55,21,989.06,22.01,-157.96,21.51,9426,-9289
55,21,989.08,22.02,-158.08,21.51,9428,-8163
55,21,989.07,22.01,-157.99,21.51,9429,-6764
55,21,989.04,22.00,-157.79,21.50,9430,-5638
55,21,989.03,21.99,-157.64,21.49,9431,-4240
55,21,989.02,21.98,-157.57,21.49,9433,-3112
55,21,988.98,21.96,-157.26,21.48,9434,-1715
55,21,988.95,21.93,-156.95,21.47,9435,-587
55,21,989.00,21.97,-157.39,21.49,9437,809
55,21,988.98,21.96,-157.26,21.48,9438,1935
55,21,988.99,21.97,-157.35,21.49,9439,3332
55,21,989.00,21.98,-157.44,21.49,9440,4457
55,21,989.01,21.99,-157.52,21.49,9442,5854
55,21,989.04,22.00,-157.74,21.50,9443,6980
55,21,989.05,22.01,-157.85,21.51,9444,8377
55,21,989.10,22.05,-158.27,21.52,9445,9503
55,21,989.08,22.03,-158.12,21.51,9447,10900
55,21,989.04,22.01,-157.76,21.51,9448,12027
55,21,988.99,21.98,-157.35,21.49,9449,13426
55,21,988.97,21.96,-157.13,21.48,9450,14553
55,21,988.92,21.92,-156.68,21.46,9452,15951
55,21,988.91,21.92,-156.66,21.46,9453,17078
55,21,988.92,21.93,-156.74,21.47,9454,18476
55,21,988.99,21.97,-157.29,21.49,9455,19603
55,21,989.00,21.98,-157.43,21.49,9457,21001
55,21,989.04,22.00,-157.76,21.50,9458,22128
55,21,989.08,22.02,-158.08,21.51,9459,23527
55,21,989.14,22.07,-158.63,21.53,9460,24653
55,21,989.18,22.09,-158.92,21.55,9462,26052
55,21,989.18,22.09,-158.90,21.55,9463,27179
55,21,989.19,22.10,-159.04,21.55,9464,28576
55,21,989.18,22.09,-158.92,21.55,9465,29704
55,21,989.21,22.11,-159.21,21.56,9467,31101
55,21,989.22,22.12,-159.29,21.56,9468,32229
55,21,989.20,22.11,-159.12,21.56,9469,-31909
55,21,989.18,22.09,-158.92,21.55,9470,-30781
55,21,989.19,22.10,-159.03,21.55,9472,-29381
55,21,989.17,22.09,-158.86,21.55,9473,-28254
55,21,989.19,22.10,-159.01,21.55,9474,-26854
55,21,989.18,22.10,-158.96,21.55,9476,-25726
55,21,989.18,22.10,-158.92,21.55,9477,-24301
55,21,989.20,22.11,-159.12,21.56,9478,-23173
55,21,989.25,22.14,-159.55,21.57,9479,-21773
55,21,989.30,22.17,-159.94,21.58,9481,-20645
55,21,989.33,22.20,-160.24,21.60,9482,-19246
55,21,989.36,22.21,-160.48,21.60,9483,-18118
55,21,989.34,22.20,-160.31,21.60,9485,-16718
55,21,989.36,22.21,-160.48,21.60,9486,-15591
55,21,989.38,22.23,-160.66,21.61,9487,-14192
55,21,989.37,22.22,-160.61,21.61,9488,-13064
55,21,989.33,22.19,-160.22,21.60,9490,-11665
55,21,989.36,22.21,-160.44,21.60,9491,-10536
55,21,989.36,22.22,-160.51,21.61,9492,-9138
55,21,989.39,22.23,-160.72,21.61,9493,-8010
55,21,989.36,22.21,-160.44,21.60,9495,-6612
55,21,989.32,22.18,-160.11,21.59,9496,-5486
55,21,989.33,22.19,-160.26,21.60,9497,-4087
55,21,989.35,22.20,-160.43,21.60,9498,-2961
55,21,989.31,22.17,-160.09,21.58,9500,-1563
55,21,989.31,22.17,-160.09,21.58,9501,-436
55,21,989.35,22.20,-160.41,21.60,9502,961
55,21,989.36,22.20,-160.45,21.60,9503,2086
55,21,989.38,22.21,-160.62,21.60,9505,3484
55,21,989.37,22.21,-160.57,21.60,9506,4610
55,21,989.35,22.19,-160.36,21.60,9507,6007
55,21,989.36,22.20,-160.48,21.60,9508,7133
55,21,989.29,22.15,-159.89,21.58,9510,8529
55,21,989.31,22.16,-160.06,21.58,9511,9656
55,21,989.34,22.18,-160.30,21.59,9512,11053
55,21,989.33,22.18,-160.26,21.59,9513,12180
55,21,989.25,22.13,-159.56,21.56,9515,13579
55,21,989.22,22.11,-159.28,21.56,9516,14705
55,21,989.26,22.14,-159.66,21.57,9517,16104
55,21,989.29,22.16,-159.92,21.58,9518,17230
55,21,989.33,22.18,-160.24,21.59,9520,18628
55,21,989.37,22.22,-160.58,21.61,9521,19756
55,21,989.36,22.21,-160.44,21.60,9522,21153
55,21,989.36,22.21,-160.47,21.60,9524,22281
55,21,989.34,22.20,-160.32,21.60,9525,23678
55,21,989.29,22.17,-159.92,21.58,9526,24806
55,21,989.33,22.20,-160.25,21.60,9527,26205
55,21,989.33,22.19,-160.20,21.60,9529,27331
55,21,989.31,22.18,-160.10,21.59,9530,28730
55,21,989.31,22.19,-160.10,21.60,9531,29856
55,21,989.35,22.21,-160.39,21.60,9533,31254
55,21,989.35,22.22,-160.42,21.61,9534,32381
55,21,989.36,22.23,-160.51,21.61,9535,-31757
55,21,989.35,22.22,-160.39,21.61,9536,-30628
55,21,989.31,22.19,-160.04,21.60,9538,-29229
55,21,989.30,22.19,-159.96,21.60,9539,-28101
55,21,989.28,22.18,-159.84,21.59,9540,-26701
55,21,989.25,22.15,-159.50,21.58,9541,-25574
55,21,989.27,22.17,-159.69,21.58,9543,-24175
55,21,989.26,22.17,-159.65,21.58,9544,-23047
55,21,989.24,22.16,-159.49,21.58,9545,-21648
55,21,989.17,22.11,-158.90,21.56,9546,-20519
55,21,989.11,22.07,-158.33,21.53,9548,-19120
55,21,989.08,22.05,-158.08,21.52,9549,-17992
55,21,989.03,22.01,-157.65,21.51,9550,-16592
55,21,988.99,21.99,-157.34,21.49,9551,-15465
55,21,989.00,21.99,-157.37,21.49,9553,-14066
55,21,988.96,21.97,-157.04,21.49,9554,-12938
55,21,988.98,21.99,-157.24,21.49,9555,-11539
55,21,988.97,21.98,-157.11,21.49,9556,-10410
55,21,988.92,21.95,-156.73,21.48,9558,-9012
55,21,988.88,21.92,-156.40,21.46,9559,-7884
55,21,988.86,21.91,-156.21,21.45,9560,-6485
55,21,988.84,21.89,-156.02,21.44,9561,-5359
55,21,988.82,21.87,-155.86,21.44,9563,-3961
55,21,988.81,21.86,-155.75,21.43,9564,-2834
55,21,988.80,21.86,-155.66,21.43,9565,-1436
55,21,988.82,21.87,-155.90,21.44,9566,-309
55,21,988.83,21.87,-155.92,21.44,9568,1088
55,21,988.83,21.87,-155.92,21.44,9569,2214
55,21,988.81,21.86,-155.78,21.43,9570,3611
55,21,988.80,21.85,-155.73,21.42,9572,4737
55,21,988.80,21.85,-155.69,21.42,9573,6134
55,21,988.82,21.86,-155.87,21.43,9574,7260
55,21,988.82,21.86,-155.87,21.43,9575,8656
55,21,988.83,21.87,-155.92,21.44,9577,9783
55,21,988.82,21.86,-155.88,21.43,9578,11181
55,21,988.81,21.85,-155.72,21.42,9579,12307
55,21,988.82,21.86,-155.83,21.43,9580,13706
55,21,988.80,21.85,-155.73,21.42,9582,14832
55,21,988.79,21.84,-155.61,21.42,9583,16230
55,21,988.79,21.84,-155.61,21.42,9584,17357
55,21,988.80,21.85,-155.73,21.42,9586,18755
55,21,988.84,21.88,-156.03,21.44,9587,19883
55,21,988.95,21.95,-156.97,21.48,9588,21281
55,21,988.95,21.96,-157.00,21.48,9589,22408
55,21,988.99,21.98,-157.29,21.49,9591,23806
55,21,989.02,22.00,-157.55,21.50,9592,24933
55,21,989.01,22.00,-157.52,21.50,9593,26331
55,21,989.01,21.99,-157.45,21.49,9594,27458
55,21,988.96,21.97,-157.09,21.49,9596,28856
55,21,988.95,21.96,-156.97,21.48,9597,29983
55,21,988.92,21.93,-156.70,21.47,9598,31382
55,21,988.90,21.92,-156.52,21.46,9599,32508
55,21,988.90,21.92,-156.52,21.46,9601,-31630
55,21,988.92,21.93,-156.68,21.47,9602,-30501
55,21,988.96,21.96,-157.05,21.48,9603,-29103
55,21,988.99,21.98,-157.35,21.49,9604,-27974
55,21,989.00,21.99,-157.42,21.49,9606,-26575
55,21,989.00,21.99,-157.37,21.49,9607,-25447
55,21,988.96,21.97,-157.08,21.49,9608,-24048
55,21,988.95,21.96,-156.94,21.48,9609,-22920
55,21,988.93,21.94,-156.78,21.47,9611,-21520
55,21,988.92,21.94,-156.70,21.47,9612,-20392
55,21,988.87,21.91,-156.32,21.45,9613,-18993
55,21,988.86,21.90,-156.20,21.45,9614,-17865
55,21,988.84,21.89,-156.06,21.44,9616,-16466
55,21,988.86,21.90,-156.20,21.45,9617,-15338
55,21,988.91,21.93,-156.66,21.47,9618,-13939
55,21,988.90,21.92,-156.53,21.46,9620,-12811
55,21,988.88,21.91,-156.41,21.45,9621,-11412
55,21,988.88,21.91,-156.36,21.45,9622,-10285
55,21,988.89,21.92,-156.42,21.46,9623,-8885
55,21,988.88,21.91,-156.34,21.45,9625,-7758
55,21,988.85,21.89,-156.15,21.44,9626,-6361
55,21,988.84,21.88,-156.01,21.44,9627,-5233
55,21,988.85,21.89,-156.12,21.44,9628,-3835
55,21,988.85,21.89,-156.11,21.44,9630,-2708
55,21,988.85,21.89,-156.11,21.44,9631,-1310
55,21,988.86,21.90,-156.20,21.45,9632,-183
55,21,988.86,21.90,-156.21,21.45,9634,1215
55,21,988.87,21.91,-156.33,21.45,9635,2340
55,21,988.88,21.91,-156.38,21.45,9636,3738
55,21,988.89,21.91,-156.45,21.45,9637,4864
55,21,988.91,21.93,-156.63,21.47,9639,6260
55,21,988.91,21.92,-156.63,21.46,9640,7387
55,21,988.93,21.93,-156.82,21.47,9641,8783
55,21,988.93,21.93,-156.79,21.47,9642,9910
55,21,988.93,21.93,-156.77,21.47,9644,11307
55,21,988.91,21.92,-156.60,21.46,9645,12433
55,21,988.90,21.91,-156.57,21.45,9646,13832
55,21,988.93,21.93,-156.85,21.47,9647,14958
55,21,988.91,21.91,-156.60,21.45,9649,16356
55,21,988.91,21.91,-156.60,21.45,9650,17483
55,21,988.93,21.92,-156.78,21.46,9651,18881
55,21,988.96,21.94,-157.03,21.47,9652,20008
55,21,988.95,21.93,-156.95,21.47,9654,21407
55,21,988.93,21.92,-156.81,21.46,9655,22534
55,21,988.91,21.91,-156.66,21.45,9656,23932
55,21,988.92,21.91,-156.69,21.45,9657,25059
55,21,988.93,21.92,-156.81,21.46,9659,26457
55,21,988.93,21.92,-156.85,21.46,9660,27584
55,21,988.94,21.93,-156.87,21.47,9661,28982
55,21,988.95,21.94,-156.99,21.47,9662,30109
55,21,988.96,21.94,-157.04,21.47,9664,31507
55,21,988.95,21.94,-156.99,21.47,9665,32634
55,21,988.95,21.93,-156.95,21.47,9666,-31503
55,21,988.96,21.94,-157.08,21.47,9667,-30375
55,21,988.96,21.94,-157.03,21.47,9669,-28976
55,21,988.95,21.94,-156.99,21.47,9670,-27848
55,21,988.95,21.94,-157.01,21.47,9671,-26449
55,21,988.95,21.94,-156.98,21.47,9673,-25321
55,21,988.95,21.94,-156.99,21.47,9674,-23922
55,21,988.94,21.93,-156.92,21.47,9675,-22794
55,21,988.98,21.96,-157.23,21.48,9676,-21395
55,21,988.98,21.96,-157.23,21.48,9678,-20266
55,21,988.97,21.95,-157.12,21.48,9679,-18867
55,21,988.95,21.94,-156.95,21.47,9680,-17739
55,21,988.95,21.94,-156.94,21.47,9682,-16339
55,21,988.94,21.94,-156.92,21.47,9683,-15212
55,21,988.95,21.95,-156.97,21.48,9684,-13813
55,21,988.94,21.94,-156.92,21.47,9685,-12685
55,21,988.94,21.94,-156.91,21.47,9687,-11286
55,21,988.95,21.94,-156.95,21.47,9688,-10158
55,21,988.96,21.95,-157.03,21.48,9689,-8759
55,21,988.99,21.97,-157.33,21.49,9690,-7631
55,21,988.99,21.97,-157.33,21.49,9692,-6233
55,21,989.00,21.97,-157.38,21.49,9693,-5106
55,21,988.97,21.96,-157.18,21.48,9694,-3707
55,21,988.98,21.97,-157.26,21.49,9695,-2581
55,21,988.97,21.96,-157.17,21.48,9697,-1183
55,21,988.99,21.97,-157.31,21.49,9698,-56
55,21,989.03,22.00,-157.64,21.50,9699,1340
55,21,989.06,22.02,-157.90,21.51,9700,2466
55,21,989.08,22.03,-158.12,21.51,9702,3864
55,21,989.09,22.03,-158.14,21.51,9703,4989
55,21,989.06,22.02,-157.92,21.51,9704,6386
55,21,989.07,22.02,-157.99,21.51,9705,7513
55,21,989.05,22.01,-157.81,21.51,9707,8909
55,21,989.05,22.01,-157.80,21.51,9708,10036
55,21,989.06,22.03,-157.93,21.51,9709,11435
55,21,989.05,22.02,-157.81,21.51,9710,12561
55,21,989.04,22.01,-157.78,21.51,9712,13960
55,21,989.04,22.01,-157.72,21.51,9713,15086
55,21,989.04,22.01,-157.72,21.51,9714,16484
55,21,989.03,22.00,-157.69,21.50,9715,17611
55,21,989.03,22.00,-157.65,21.50,9717,19009
55,21,989.02,21.99,-157.60,21.49,9718,20136
55,21,988.99,21.97,-157.33,21.49,9719,21535
55,21,988.98,21.96,-157.21,21.48,9721,22662
55,21,989.00,21.98,-157.41,21.49,9722,24060
55,21,988.98,21.97,-157.27,21.49,9723,25187
55,21,989.00,21.98,-157.36,21.49,9724,26585
55,21,988.99,21.97,-157.32,21.49,9726,27712
55,21,988.99,21.98,-157.35,21.49,9727,29110
55,21,988.99,21.97,-157.29,21.49,9728,30237
55,21,988.97,21.96,-157.17,21.48,9730,31636
55,21,988.96,21.96,-157.09,21.48,9731,32762
55,21,988.94,21.95,-156.89,21.48,9732,-31376
55,21,988.93,21.94,-156.85,21.47,9733,-30247
55,21,988.93,21.94,-156.79,21.47,9735,-28849
55,21,988.92,21.93,-156.70,21.47,9736,-27720
55,21,988.90,21.92,-156.53,21.46,9737,-26320
55,21,988.90,21.92,-156.52,21.46,9738,-25193
55,21,988.90,21.92,-156.54,21.46,9740,-23793
55,21,988.92,21.94,-156.74,21.47,9741,-22666
55,21,988.91,21.93,-156.64,21.47,9742,-21267
55,21,988.90,21.93,-156.56,21.47,9743,-20138
55,21,988.89,21.92,-156.42,21.46,9745,-18740
55,21,988.89,21.92,-156.50,21.46,9746,-17611
55,21,988.88,21.91,-156.36,21.45,9747,-16211
55,21,988.89,21.92,-156.48,21.46,9748,-15084
55,21,988.90,21.93,-156.57,21.47,9750,-13666
55,21,988.89,21.93,-156.48,21.47,9751,-12537
55,21,988.89,21.93,-156.48,21.47,9752,-11139
55,21,988.89,21.93,-156.50,21.47,9753,-10010
55,21,988.89,21.93,-156.50,21.47,9755,-8610
55,21,988.89,21.92,-156.43,21.46,9756,-7484
55,21,988.88,21.92,-156.36,21.46,9757,-6085
55,21,988.88,21.92,-156.38,21.46,9758,-4959
55,21,988.89,21.92,-156.47,21.46,9760,-3561
55,21,988.88,21.91,-156.41,21.45,9761,-2434
55,21,988.90,21.92,-156.52,21.46,9762,-1036
55,21,988.93,21.95,-156.79,21.48,9763,92
55,21,988.92,21.94,-156.73,21.47,9765,1486
55,21,988.91,21.94,-156.67,21.47,9766,2612
55,21,988.93,21.94,-156.78,21.47,9767,4008
55,21,988.92,21.94,-156.76,21.47,9769,5135
55,21,988.94,21.96,-156.93,21.48,9770,6532
55,21,988.94,21.95,-156.90,21.48,9771,7657
55,21,988.93,21.95,-156.82,21.48,9772,9055
55,21,988.92,21.94,-156.73,21.47,9774,10180
55,21,988.93,21.95,-156.80,21.48,9775,11578
55,21,988.92,21.94,-156.68,21.47,9776,12705
55,21,988.92,21.94,-156.73,21.47,9778,14103
55,21,988.93,21.94,-156.78,21.47,9779,15229
55,21,988.91,21.94,-156.67,21.47,9780,16628
55,21,988.91,21.93,-156.64,21.47,9781,17755
55,21,988.91,21.93,-156.59,21.47,9783,19152
55,21,988.90,21.93,-156.58,21.47,9784,20280
55,21,988.90,21.92,-156.52,21.46,9785,21678
55,21,988.89,21.92,-156.42,21.46,9786,22805
55,21,988.88,21.91,-156.38,21.45,9788,24204
55,21,988.87,21.91,-156.32,21.45,9789,25330
55,21,988.86,21.90,-156.23,21.45,9790,26728
55,21,988.86,21.90,-156.18,21.45,9791,27855
55,21,988.85,21.89,-156.11,21.44,9793,29253
55,21,988.86,21.90,-156.24,21.45,9794,30381
55,21,988.89,21.92,-156.44,21.46,9795,31779
55,21,988.91,21.93,-156.59,21.47,9796,-32630
55,21,988.92,21.94,-156.74,21.47,9798,-31231
55,21,988.93,21.94,-156.82,21.47,9799,-30103
55,21,988.94,21.94,-156.86,21.47,9800,-28704
55,21,988.94,21.94,-156.89,21.47,9801,-27576
55,21,988.94,21.94,-156.92,21.47,9803,-26177
55,21,988.94,21.94,-156.91,21.47,9804,-25049
55,21,988.95,21.94,-156.98,21.47,9805,-23649
55,21,988.95,21.94,-156.95,21.47,9806,-22521
55,21,988.95,21.95,-157.00,21.48,9808,-21123
55,21,988.95,21.95,-157.01,21.48,9809,-19994
55,21,988.95,21.94,-156.98,21.47,9810,-18595
55,21,988.96,21.95,-157.03,21.48,9811,-17467
55,21,988.97,21.95,-157.12,21.48,9813,-16067
55,21,988.96,21.95,-157.06,21.48,9814,-14940
55,21,988.96,21.95,-157.05,21.48,9815,-13540
55,21,988.93,21.93,-156.81,21.47,9817,-12412
55,21,988.91,21.92,-156.62,21.46,9818,-11014
55,21,988.90,21.91,-156.52,21.45,9819,-9885
55,21,988.89,21.91,-156.46,21.45,9820,-8487
55,21,988.87,21.89,-156.27,21.44,9822,-7360
55,21,988.87,21.89,-156.25,21.44,9823,-5961
55,21,988.87,21.90,-156.30,21.45,9824,-4835
55,21,988.86,21.89,-156.21,21.44,9826,-3437
55,21,988.88,21.90,-156.34,21.45,9827,-2310
55,21,988.85,21.89,-156.15,21.44,9828,-912
55,21,988.85,21.88,-156.08,21.44,9829,215
55,21,988.84,21.88,-156.07,21.44,9831,1611
55,21,988.85,21.89,-156.11,21.44,9832,2737
55,21,988.86,21.89,-156.16,21.44,9833,4133
55,21,988.85,21.89,-156.11,21.44,9834,5260
55,21,988.86,21.89,-156.16,21.44,9836,6657
55,21,988.85,21.89,-156.12,21.44,9837,7783
55,21,988.82,21.87,-155.90,21.44,9838,9180
55,21,988.82,21.87,-155.90,21.44,9839,10305
55,21,988.85,21.89,-156.09,21.44,9841,11703
55,21,988.85,21.89,-156.09,21.44,9842,12830
55,21,988.86,21.90,-156.20,21.45,9843,14228
55,21,988.88,21.90,-156.34,21.45,9844,15355
55,21,988.88,21.91,-156.38,21.45,9846,16754
55,21,988.90,21.92,-156.59,21.46,9847,17881
55,21,988.93,21.94,-156.79,21.47,9848,19278
55,21,988.93,21.94,-156.77,21.47,9849,20406
55,21,988.93,21.94,-156.80,21.47,9851,21804
55,21,988.93,21.94,-156.82,21.47,9852,22931
55,21,988.95,21.95,-156.97,21.48,9853,24330
55,21,988.94,21.95,-156.89,21.48,9854,25456
55,21,988.95,21.95,-156.97,21.48,9856,26854
55,21,988.96,21.96,-157.03,21.48,9857,27981
55,21,989.00,21.99,-157.40,21.49,9858,29379
55,21,989.03,22.00,-157.63,21.50,9859,30507
55,21,989.02,22.00,-157.60,21.50,9861,31905
55,21,989.01,21.99,-157.51,21.49,9862,-32504
55,21,989.01,21.99,-157.52,21.49,9863,-31104
55,21,989.00,21.98,-157.38,21.49,9864,-29977
55,21,988.98,21.97,-157.26,21.49,9866,-28578
55,21,988.98,21.97,-157.26,21.49,9867,-27450
55,21,988.97,21.96,-157.15,21.48,9868,-26051
55,21,988.96,21.95,-157.03,21.48,9870,-24923
55,21,988.97,21.96,-157.15,21.48,9871,-23523
55,21,989.03,22.00,-157.63,21.50,9872,-22395
55,21,989.01,21.99,-157.49,21.49,9873,-20997
55,21,989.02,22.00,-157.55,21.50,9875,-19868
55,21,989.00,21.98,-157.39,21.49,9876,-18469
55,21,989.00,21.98,-157.36,21.49,9877,-17341
55,21,988.99,21.97,-157.34,21.49,9879,-15941
55,21,988.99,21.97,-157.33,21.49,9880,-14814
55,21,988.98,21.96,-157.27,21.48,9881,-13414
55,21,989.00,21.97,-157.36,21.49,9882,-12286
55,21,988.99,21.96,-157.30,21.48,9884,-10888
55,21,988.98,21.96,-157.21,21.48,9885,-9759
55,21,988.97,21.95,-157.15,21.48,9886,-8361
55,21,988.95,21.94,-156.99,21.47,9887,-7234
55,21,988.95,21.94,-156.99,21.47,9889,-5835
55,21,988.95,21.94,-156.97,21.47,9890,-4709
55,21,988.94,21.93,-156.92,21.47,9891,-3311
55,21,988.96,21.94,-157.07,21.47,9892,-2184
55,21,988.97,21.95,-157.13,21.48,9894,-786
55,21,988.95,21.93,-156.98,21.47,9895,340
55,21,988.95,21.93,-156.95,21.47,9896,1737
55,21,988.95,21.93,-156.94,21.47,9897,2863
55,21,988.94,21.92,-156.87,21.46,9899,4259
55,21,988.93,21.92,-156.82,21.46,9900,5386
55,21,988.93,21.92,-156.81,21.46,9901,6782
55,21,988.92,21.91,-156.70,21.45,9902,7909
55,21,988.91,21.91,-156.67,21.45,9904,9307
55,21,988.91,21.90,-156.60,21.45,9905,10432
55,21,988.92,21.91,-156.75,21.45,9906,11830
55,21,988.92,21.91,-156.73,21.45,9907,12957
55,21,988.93,21.92,-156.81,21.46,9909,14355
55,21,988.94,21.92,-156.87,21.46,9910,15482
55,21,988.96,21.94,-157.05,21.47,9911,16881
55,21,988.96,21.94,-157.07,21.47,9912,18008
55,21,988.98,21.95,-157.25,21.48,9914,19406
55,21,988.98,21.94,-157.22,21.47,9915,20533
55,21,988.97,21.94,-157.16,21.47,9916,21931
55,21,988.96,21.93,-157.05,21.47,9918,23058
55,21,988.94,21.91,-156.85,21.45,9919,24456
55,21,988.94,21.91,-156.85,21.45,9920,25583
55,21,988.94,21.92,-156.91,21.46,9921,26982
55,21,988.92,21.91,-156.74,21.45,9923,28108
55,21,988.90,21.89,-156.58,21.44,9924,29507
55,21,988.90,21.89,-156.57,21.44,9925,30633
55,21,988.88,21.88,-156.41,21.44,9927,32031
55,21,988.87,21.87,-156.27,21.44,9928,-32377
55,21,988.86,21.86,-156.17,21.43,9929,-30979
55,21,988.85,21.86,-156.12,21.43,9930,-29850
55,21,988.87,21.87,-156.33,21.44,9932,-28445
55,21,988.88,21.87,-156.35,21.44,9933,-27317
55,21,988.87,21.87,-156.32,21.44,9934,-25918
55,21,988.88,21.87,-156.35,21.44,9935,-24789
55,21,988.87,21.87,-156.33,21.44,9937,-23390
55,21,988.91,21.89,-156.66,21.44,9938,-22262
55,21,988.91,21.89,-156.62,21.44,9939,-20862
55,21,988.91,21.89,-156.61,21.44,9940,-19735
55,21,988.92,21.90,-156.73,21.45,9942,-18336
55,21,988.91,21.89,-156.66,21.44,9943,-17208
55,21,988.89,21.88,-156.47,21.44,9944,-15809
55,21,988.89,21.88,-156.45,21.44,9945,-14681
55,21,988.88,21.87,-156.41,21.44,9947,-13281
55,21,988.88,21.87,-156.41,21.44,9948,-12153
55,21,988.87,21.86,-156.25,21.43,9949,-10755
55,21,988.91,21.89,-156.59,21.44,9950,-9626
55,21,988.94,21.91,-156.85,21.45,9952,-8228
55,21,988.94,21.92,-156.92,21.46,9953,-7101
55,21,988.92,21.90,-156.74,21.45,9954,-5702
55,21,988.91,21.89,-156.66,21.44,9955,-4576
55,21,988.92,21.90,-156.68,21.45,9957,-3177
55,21,988.97,21.94,-157.17,21.47,9958,-2051
55,21,989.05,21.99,-157.83,21.49,9959,-653
55,21,989.06,22.00,-157.91,21.50,9960,474
55,21,989.08,22.01,-158.10,21.51,9962,1870
55,21,989.09,22.02,-158.15,21.51,9963,2996
55,21,989.04,21.99,-157.62,21.49,9964,4393
55,21,989.02,21.97,-157.54,21.49,9966,5519
55,21,989.01,21.96,-157.45,21.48,9967,6916
55,21,989.00,21.96,-157.37,21.48,9968,8042
55,21,989.00,21.97,-157.43,21.49,9969,9439
55,21,988.98,21.96,-157.24,21.48,9971,10565
55,21,988.99,21.96,-157.28,21.48,9972,11964
55,21,989.00,21.97,-157.44,21.49,9973,13090
55,21,988.98,21.96,-157.25,21.48,9974,14489
55,21,988.96,21.94,-157.04,21.47,9976,15616
55,21,988.95,21.94,-156.98,21.47,9977,17013
55,21,988.94,21.93,-156.89,21.47,9978,18141
55,21,988.93,21.92,-156.78,21.46,9980,19538
55,21,988.91,21.91,-156.61,21.45,9981,20666
55,21,988.90,21.90,-156.57,21.45,9982,22065
55,21,988.89,21.89,-156.43,21.44,9983,23191
55,21,988.88,21.88,-156.33,21.44,9985,24589
55,21,988.89,21.89,-156.43,21.44,9986,25716
55,21,988.88,21.88,-156.35,21.44,9987,27114
55,21,988.89,21.89,-156.48,21.44,9988,28241
55,21,988.88,21.89,-156.39,21.44,9990,29640
55,21,988.88,21.88,-156.35,21.44,9991,30767
55,21,988.87,21.87,-156.30,21.44,9992,32165
55,21,988.87,21.87,-156.29,21.44,9993,-32244
55,21,988.86,21.87,-156.24,21.44,9995,-30845
55,21,988.86,21.86,-156.20,21.43,9996,-29717
55,21,988.87,21.87,-156.27,21.44,9997,-28318
55,21,988.87,21.87,-156.27,21.44,9998,-27190
55,21,988.87,21.87,-156.26,21.44,10000,-25791
55,21,988.86,21.86,-156.23,21.43,10001,-24661
55,21,988.86,21.86,-156.24,21.43,10002,-23261
55,21,988.85,21.85,-156.14,21.42,10003,-22132
55,21,988.86,21.86,-156.23,21.43,10005,-20731
55,21,988.86,21.86,-156.23,21.43,10006,-19603
55,21,988.86,21.86,-156.24,21.43,10007,-18203
55,21,988.86,21.86,-156.21,21.43,10008,-17074
55,21,988.84,21.85,-156.06,21.42,10010,-15674
55,21,988.85,21.85,-156.15,21.42,10011,-14544
55,21,988.85,21.85,-156.12,21.42,10012,-13145
55,21,988.87,21.86,-156.27,21.43,10014,-12015
55,21,988.89,21.87,-156.47,21.44,10015,-10615
55,21,988.89,21.87,-156.45,21.44,10016,-9486
55,21,988.89,21.87,-156.46,21.44,10017,-8086
55,21,988.89,21.87,-156.48,21.44,10019,-6959
55,21,988.88,21.86,-156.39,21.43,10020,-5559
55,21,988.89,21.87,-156.45,21.44,10021,-4431
55,21,988.89,21.87,-156.45,21.44,10023,-3008
55,21,988.89,21.87,-156.46,21.44,10024,-1881
55,21,988.90,21.87,-156.53,21.44,10025,-481
55,21,988.88,21.86,-156.38,21.43,10026,646
55,21,988.91,21.88,-156.60,21.44,10028,2042
55,21,988.91,21.89,-156.62,21.44,10029,3170
55,21,988.91,21.89,-156.62,21.44,10030,4568
55,21,988.90,21.88,-156.53,21.44,10031,5695
55,21,988.90,21.87,-156.54,21.44,10033,7094
55,21,988.90,21.87,-156.51,21.44,10034,8220
55,21,988.90,21.87,-156.54,21.44,10035,9619
55,21,988.90,21.87,-156.54,21.44,10036,10745
55,21,988.89,21.87,-156.50,21.44,10038,12144
55,21,988.89,21.87,-156.45,21.44,10039,13273
55,21,988.87,21.86,-156.31,21.43,10040,14671
55,21,988.87,21.85,-156.27,21.42,10041,15800
55,21,988.86,21.85,-156.24,21.42,10043,17199
55,21,988.86,21.85,-156.22,21.42,10044,18327
55,21,988.85,21.84,-156.16,21.42,10045,19734
55,21,988.85,21.84,-156.09,21.42,10046,20861
55,21,988.85,21.83,-156.09,21.42,10048,22260
55,21,988.85,21.84,-156.11,21.42,10049,23389
55,21,988.86,21.85,-156.23,21.42,10050,24787
55,21,988.87,21.85,-156.31,21.42,10051,25916
55,21,988.88,21.86,-156.38,21.43,10053,27316
55,21,988.88,21.86,-156.34,21.43,10054,28443
55,21,988.88,21.86,-156.41,21.43,10055,29843
55,21,988.87,21.86,-156.33,21.43,10057,30970
55,21,988.87,21.86,-156.31,21.43,10058,32370
55,21,988.88,21.86,-156.36,21.43,10059,-32038
55,21,988.86,21.85,-156.19,21.42,10060,-30639
55,21,988.85,21.84,-156.14,21.42,10062,-29509
55,21,988.85,21.84,-156.16,21.42,10063,-28109
55,21,988.85,21.84,-156.13,21.42,10064,-26980
55,21,988.85,21.84,-156.13,21.42,10066,-25579
55,21,988.86,21.85,-156.17,21.42,10067,-24451
55,21,988.86,21.85,-156.22,21.42,10068,-23050
55,21,988.88,21.86,-156.34,21.43,10069,-21921
55,21,988.89,21.86,-156.42,21.43,10071,-20521
55,21,988.87,21.86,-156.33,21.43,10072,-19392
55,21,988.88,21.86,-156.36,21.43,10073,-17992
55,21,988.90,21.87,-156.57,21.44,10074,-16863
55,21,988.92,21.88,-156.72,21.44,10076,-15463
55,21,988.94,21.90,-156.86,21.45,10077,-14333
55,21,988.94,21.90,-156.91,21.45,10078,-12933
55,21,988.94,21.89,-156.86,21.44,10079,-11804
55,21,988.95,21.90,-156.97,21.45,10081,-10403
55,21,988.96,21.91,-157.07,21.45,10082,-9275
55,21,988.97,21.92,-157.18,21.46,10083,-7875
55,21,988.97,21.91,-157.14,21.45,10084,-6748
55,21,988.97,21.92,-157.15,21.46,10086,-5349
55,21,988.98,21.92,-157.26,21.46,10087,-4220
55,21,989.00,21.94,-157.44,21.47,10088,-2822
55,21,989.01,21.94,-157.48,21.47,10089,-1693
55,21,989.03,21.95,-157.62,21.48,10091,-294
55,21,989.03,21.96,-157.70,21.48,10092,833
55,21,989.05,21.97,-157.85,21.49,10093,2231
55,21,989.05,21.96,-157.80,21.48,10094,3357
55,21,989.03,21.96,-157.68,21.48,10096,4755
55,21,989.02,21.95,-157.58,21.48,10097,5882
55,21,989.00,21.94,-157.44,21.47,10098,7280
55,21,988.99,21.93,-157.29,21.47,10099,8408
55,21,988.97,21.92,-157.18,21.46,10101,9805
55,21,988.96,21.91,-157.09,21.45,10102,10938
55,21,988.96,21.91,-157.07,21.45,10103,12337
55,21,988.95,21.90,-156.98,21.45,10105,13465
55,21,988.94,21.90,-156.86,21.45,10106,14864
55,21,988.93,21.89,-156.80,21.44,10107,15992
55,21,988.92,21.89,-156.76,21.44,10108,17391
55,21,988.92,21.89,-156.71,21.44,10110,18520
55,21,988.95,21.91,-157.01,21.45,10111,19919
55,21,988.93,21.90,-156.85,21.45,10112,21047
55,21,988.95,21.91,-156.95,21.45,10114,22447
55,21,988.95,21.91,-156.97,21.45,10115,23574
55,21,988.93,21.90,-156.79,21.45,10116,24973
55,21,988.91,21.89,-156.65,21.44,10117,26101
55,21,988.90,21.88,-156.54,21.44,10119,27500
55,21,988.90,21.88,-156.53,21.44,10120,28628
55,21,988.87,21.86,-156.27,21.43,10121,30027
55,21,988.89,21.88,-156.48,21.44,10122,31156
55,21,988.91,21.89,-156.62,21.44,10124,32556
55,21,988.92,21.89,-156.68,21.44,10125,-31853
55,21,988.92,21.89,-156.72,21.44,10126,-30452
55,21,988.93,21.90,-156.82,21.45,10127,-29324
55,21,988.94,21.90,-156.87,21.45,10129,-27924
55,21,988.94,21.91,-156.92,21.45,10130,-26794
55,21,988.94,21.90,-156.88,21.45,10131,-25395
55,21,988.94,21.90,-156.89,21.45,10132,-24265
55,21,988.95,21.91,-156.94,21.45,10134,-22865
55,21,988.93,21.90,-156.85,21.45,10135,-21736
55,21,988.93,21.90,-156.83,21.45,10136,-20336
55,21,988.92,21.89,-156.76,21.44,10137,-19207
55,21,988.92,21.89,-156.72,21.44,10139,-17806
55,21,988.91,21.89,-156.65,21.44,10140,-16677
55,21,988.91,21.89,-156.65,21.44,10141,-15277
55,21,988.90,21.87,-156.51,21.44,10142,-14148
55,21,988.90,21.88,-156.53,21.44,10144,-12748
55,21,988.88,21.86,-156.36,21.43,10145,-11619
55,21,988.86,21.85,-156.24,21.42,10146,-10219
55,21,988.85,21.84,-156.16,21.42,10148,-9090
55,21,988.87,21.86,-156.33,21.43,10149,-7691
55,21,988.89,21.87,-156.48,21.44,10150,-6562
55,21,988.87,21.85,-156.28,21.42,10151,-5162
55,21,988.86,21.84,-156.19,21.42,10153,-4035
55,21,988.88,21.86,-156.38,21.43,10154,-2635
55,21,988.94,21.90,-156.91,21.45,10155,-1508
55,21,988.96,21.91,-157.03,21.45,10157,-109
55,21,988.94,21.90,-156.89,21.45,10158,1018
55,21,989.02,21.95,-157.60,21.48,10159,2416
55,21,989.00,21.94,-157.41,21.47,10160,3544
55,21,988.97,21.92,-157.17,21.46,10162,4941
55,21,988.95,21.91,-156.95,21.45,10163,6069
55,21,988.93,21.89,-156.79,21.44,10164,7468
55,21,988.91,21.88,-156.60,21.44,10165,8594
55,21,988.89,21.86,-156.43,21.43,10167,9993
55,21,988.89,21.87,-156.50,21.44,10168,11119
55,21,988.90,21.87,-156.51,21.44,10169,12518
55,21,988.89,21.86,-156.45,21.43,10170,13646
55,21,988.88,21.86,-156.41,21.43,10172,15045
55,21,988.87,21.86,-156.30,21.43,10173,16174
55,21,988.85,21.84,-156.14,21.42,10174,17572
55,21,988.85,21.84,-156.13,21.42,10175,18701
55,21,988.85,21.84,-156.08,21.42,10177,20101
55,21,988.84,21.83,-155.99,21.42,10178,21228
55,21,988.84,21.84,-156.05,21.42,10179,22628
55,21,988.85,21.85,-156.16,21.42,10180,23755
55,21,988.84,21.83,-156.01,21.42,10182,25154
55,21,988.84,21.84,-156.05,21.42,10183,26283
55,21,988.83,21.83,-155.93,21.42,10184,27681
55,21,988.82,21.82,-155.85,21.41,10185,28810
55,21,988.84,21.83,-155.99,21.42,10187,30209
55,21,988.86,21.85,-156.24,21.42,10188,31337
55,21,988.87,21.86,-156.33,21.43,10189,32736
55,21,988.86,21.85,-156.22,21.42,10190,-31673
55,21,988.91,21.88,-156.66,21.44,10192,-30271
55,21,988.95,21.91,-156.97,21.45,10193,-29143
55,21,988.95,21.91,-156.99,21.45,10194,-27742
55,21,989.00,21.94,-157.41,21.47,10196,-26613
55,21,989.00,21.94,-157.41,21.47,10197,-25213
55,21,989.01,21.94,-157.53,21.47,10198,-24084
55,21,989.02,21.95,-157.57,21.48,10199,-22684
55,21,989.02,21.95,-157.59,21.48,10201,-21555
55,21,989.00,21.93,-157.39,21.47,10202,-20155
55,21,988.99,21.92,-157.32,21.46,10203,-19025
55,21,989.06,21.97,-157.94,21.49,10205,-17626
55,21,989.05,21.96,-157.85,21.48,10206,-16496
55,21,989.04,21.95,-157.71,21.48,10207,-15095
55,21,989.05,21.96,-157.82,21.48,10208,-13967
55,21,989.09,21.99,-158.18,21.49,10210,-12566
55,21,989.10,21.99,-158.26,21.49,10211,-11438
55,21,989.07,21.97,-158.02,21.49,10212,-10037
55,21,989.06,21.96,-157.88,21.48,10213,-8908
55,21,989.02,21.94,-157.60,21.47,10215,-7509
55,21,989.01,21.94,-157.52,21.47,10216,-6381
55,21,988.98,21.91,-157.19,21.45,10217,-4982
55,21,988.96,21.90,-157.10,21.45,10218,-3854
55,21,988.96,21.90,-157.08,21.45,10220,-2455
55,21,988.97,21.90,-157.13,21.45,10221,-1327
55,21,988.97,21.90,-157.13,21.45,10222,73
55,21,988.95,21.89,-156.99,21.44,10223,1198
55,21,988.94,21.88,-156.86,21.44,10225,2596
55,21,988.93,21.88,-156.78,21.44,10226,3723
55,21,988.93,21.88,-156.82,21.44,10227,5121
55,21,988.92,21.87,-156.73,21.44,10228,6248
55,21,988.91,21.87,-156.66,21.44,10230,7646
55,21,988.94,21.89,-156.87,21.44,10231,8773
55,21,988.99,21.93,-157.33,21.47,10232,10172
55,21,988.98,21.92,-157.21,21.46,10233,11299
55,21,989.01,21.93,-157.45,21.47,10235,12699
55,21,989.01,21.94,-157.52,21.47,10236,13827
55,21,989.08,21.98,-158.08,21.49,10237,15226
55,21,989.10,21.99,-158.28,21.49,10239,16354
55,21,989.13,22.01,-158.54,21.51,10240,17753
55,21,989.13,22.01,-158.53,21.51,10241,18881
55,21,989.17,22.03,-158.88,21.51,10242,20280
55,21,989.19,22.05,-159.01,21.52,10244,21408
55,21,989.19,22.05,-158.99,21.52,10245,22807
55,21,989.17,22.03,-158.86,21.51,10246,23936
55,21,989.18,22.04,-158.94,21.52,10247,25335
55,21,989.18,22.03,-158.94,21.51,10249,26463
55,21,989.17,22.03,-158.88,21.51,10250,27863
55,21,989.17,22.02,-158.82,21.51,10251,28990
55,21,989.12,21.99,-158.43,21.49,10253,30389
55,21,989.06,21.96,-157.95,21.48,10254,31517
55,21,989.02,21.93,-157.55,21.47,10255,-32620
55,21,988.99,21.91,-157.29,21.45,10256,-31491
55,21,988.94,21.89,-156.91,21.44,10258,-30091
55,21,988.90,21.86,-156.58,21.43,10259,-28961
55,21,988.90,21.86,-156.54,21.43,10260,-27561
55,21,988.90,21.86,-156.57,21.43,10261,-26432
55,21,988.88,21.85,-156.40,21.42,10263,-25031
55,21,988.90,21.86,-156.51,21.43,10264,-23903
55,21,988.95,21.90,-156.94,21.45,10265,-22502
55,21,988.97,21.91,-157.14,21.45,10266,-21373
55,21,988.95,21.90,-156.97,21.45,10268,-19974
55,21,988.96,21.91,-157.03,21.45,10269,-18844
55,21,989.03,21.96,-157.69,21.48,10270,-17416
55,21,989.04,21.97,-157.78,21.49,10271,-16286
55,21,988.99,21.94,-157.35,21.47,10273,-14886
55,21,989.02,21.96,-157.55,21.48,10274,-13757
55,21,989.06,21.99,-157.95,21.49,10275,-12357
55,21,989.06,21.99,-157.93,21.49,10276,-11228
55,21,989.14,22.04,-158.61,21.52,10278,-9828
55,21,989.14,22.04,-158.57,21.52,10279,-8699
55,21,989.15,22.05,-158.67,21.52,10280,-7300
55,21,989.17,22.07,-158.87,21.53,10282,-6172
55,21,989.14,22.04,-158.61,21.52,10283,-4772
55,21,989.13,22.03,-158.48,21.51,10284,-3645
55,21,989.10,22.02,-158.26,21.51,10285,-2246
55,21,989.06,21.99,-157.91,21.49,10287,-1118
55,21,989.02,21.97,-157.60,21.49,10288,281
55,21,989.00,21.96,-157.42,21.48,10289,1408
55,21,988.97,21.94,-157.11,21.47,10290,2805
55,21,988.97,21.93,-157.11,21.47,10292,3933
55,21,988.97,21.93,-157.11,21.47,10293,5330
55,21,988.96,21.92,-157.02,21.46,10294,6457
55,21,989.02,21.96,-157.54,21.48,10296,7856
55,21,989.09,22.01,-158.13,21.51,10297,8982
55,21,989.13,22.05,-158.53,21.52,10298,10380
55,21,989.13,22.05,-158.55,21.52,10299,11508
55,21,989.11,22.03,-158.35,21.51,10301,12907
55,21,989.07,22.00,-157.97,21.50,10302,14035
55,21,989.03,21.98,-157.66,21.49,10303,15434
55,21,989.00,21.96,-157.41,21.48,10304,16563
55,21,988.96,21.94,-157.04,21.47,10306,17963
55,21,988.93,21.92,-156.80,21.46,10307,19090
55,21,988.96,21.94,-157.10,21.47,10308,20489
55,21,988.96,21.94,-157.05,21.47,10309,21617
55,21,988.95,21.93,-156.94,21.47,10311,23016
55,21,988.92,21.91,-156.69,21.45,10312,24144
55,21,988.91,21.91,-156.63,21.45,10313,25543
55,21,988.91,21.91,-156.63,21.45,10314,26672
55,21,988.90,21.90,-156.52,21.45,10316,28070
55,21,988.94,21.93,-156.90,21.47,10317,29198
55,21,988.96,21.94,-157.08,21.47,10318,30598
55,21,988.97,21.95,-157.15,21.48,10319,31725
55,21,988.93,21.92,-156.83,21.46,10321,-32412
55,21,988.92,21.92,-156.73,21.46,10322,-31283
55,21,988.89,21.89,-156.45,21.44,10323,-29883
55,21,988.89,21.89,-156.46,21.44,10324,-28753
55,21,988.87,21.88,-156.31,21.44,10326,-27354
55,21,988.88,21.89,-156.40,21.44,10327,-26224
55,21,988.90,21.90,-156.54,21.45,10328,-24823
55,21,988.89,21.89,-156.45,21.44,10330,-23695
55,21,988.88,21.89,-156.42,21.44,10331,-22294
55,21,988.90,21.90,-156.54,21.45,10332,-21166
55,21,988.89,21.89,-156.46,21.44,10333,-19766
55,21,988.95,21.93,-156.98,21.47,10335,-18636
55,21,989.06,22.00,-157.91,21.50,10336,-17236
55,21,989.06,22.01,-157.96,21.51,10337,-16107
55,21,989.02,21.98,-157.59,21.49,10339,-14707
55,21,988.99,21.95,-157.28,21.48,10340,-13579
55,21,988.94,21.92,-156.86,21.46,10341,-12177
55,21,988.93,21.92,-156.80,21.46,10342,-11048
55,21,988.90,21.90,-156.57,21.45,10344,-9648
55,21,988.89,21.90,-156.48,21.45,10345,-8520
55,21,988.88,21.89,-156.34,21.44,10346,-7121
55,21,988.87,21.88,-156.27,21.44,10347,-5993
55,21,988.86,21.88,-156.22,21.44,10349,-4594
55,21,988.86,21.88,-156.22,21.44,10350,-3466
55,21,988.85,21.87,-156.08,21.44,10351,-2066
55,21,988.82,21.85,-155.83,21.42,10352,-938
55,21,988.79,21.84,-155.61,21.42,10354,460
55,21,988.78,21.83,-155.55,21.42,10355,1586
55,21,988.77,21.82,-155.44,21.41,10356,2983
55,21,988.77,21.82,-155.41,21.41,10357,4111
55,21,988.76,21.82,-155.34,21.41,10359,5509
55,21,988.76,21.82,-155.32,21.41,10360,6636
55,21,988.75,21.82,-155.29,21.41,10361,8035
55,21,988.77,21.82,-155.40,21.41,10362,9161
55,21,988.75,21.81,-155.26,21.40,10364,10559
55,21,988.75,21.81,-155.24,21.40,10365,11687
55,21,988.82,21.85,-155.83,21.42,10366,13086
55,21,988.78,21.83,-155.50,21.42,10367,14215
55,21,988.82,21.85,-155.88,21.42,10369,15613
55,21,988.83,21.86,-155.95,21.43,10370,16742
55,21,988.83,21.86,-155.96,21.43,10371,18142
55,21,988.80,21.84,-155.73,21.42,10372,19269
55,21,988.79,21.83,-155.58,21.42,10374,20669
55,21,988.79,21.83,-155.58,21.42,10375,21796
55,21,988.79,21.83,-155.59,21.42,10376,23195
55,21,988.79,21.84,-155.64,21.42,10378,24324
55,21,988.78,21.83,-155.56,21.42,10379,25722
55,21,988.78,21.83,-155.50,21.42,10380,26851
55,21,988.77,21.82,-155.46,21.41,10381,28251
55,21,988.76,21.82,-155.35,21.41,10383,29378
55,21,988.78,21.83,-155.56,21.42,10384,30778
55,21,988.85,21.88,-156.14,21.44,10385,31905
55,21,988.92,21.92,-156.69,21.46,10387,-32232
55,21,988.93,21.93,-156.79,21.47,10388,-31102
55,21,988.90,21.91,-156.57,21.45,10389,-29703
55,21,988.88,21.90,-156.41,21.45,10390,-28573
55,21,988.87,21.89,-156.28,21.44,10392,-27173
55,21,988.85,21.88,-156.13,21.44,10393,-26044
55,21,988.82,21.86,-155.84,21.43,10394,-24644
55,21,988.81,21.86,-155.81,21.43,10395,-23516
55,21,988.80,21.86,-155.71,21.43,10397,-22114
55,21,988.79,21.85,-155.61,21.42,10398,-20985
55,21,988.78,21.84,-155.49,21.42,10399,-19584
55,21,988.78,21.84,-155.49,21.42,10400,-18456
55,21,988.77,21.84,-155.46,21.42,10402,-17056
55,21,988.77,21.84,-155.46,21.42,10403,-15927
55,21,988.85,21.88,-156.10,21.44,10404,-14527
55,21,988.92,21.93,-156.68,21.47,10405,-13397
55,21,988.86,21.89,-156.22,21.44,10407,-11998
55,21,988.83,21.87,-155.92,21.44,10408,-10868
55,21,988.90,21.92,-156.56,21.46,10409,-9467
55,21,989.00,21.99,-157.44,21.49,10410,-8340
55,21,989.05,22.02,-157.84,21.51,10412,-6941
55,21,989.09,22.05,-158.21,21.52,10413,-5813
55,21,989.15,22.08,-158.66,21.54,10414,-4414
55,21,989.20,22.12,-159.11,21.56,10415,-3285
55,21,989.25,22.15,-159.52,21.58,10417,-1887
55,21,989.25,22.15,-159.50,21.58,10418,-758
55,21,989.23,22.14,-159.41,21.57,10419,641
55,21,989.28,22.18,-159.81,21.59,10421,1766
55,21,989.27,22.17,-159.75,21.58,10422,3164
55,21,989.27,22.17,-159.74,21.58,10423,4291
55,21,989.29,22.18,-159.87,21.59,10424,5689
55,21,989.31,22.19,-160.02,21.60,10426,6816
55,21,989.30,22.19,-160.01,21.60,10427,8215
55,21,989.31,22.20,-160.07,21.60,10428,9341
55,21,989.35,22.22,-160.39,21.61,10430,10740
55,21,989.33,22.20,-160.21,21.60,10431,11868
55,21,989.35,22.22,-160.38,21.61,10432,13266
55,21,989.31,22.19,-160.10,21.60,10433,14395
55,21,989.26,22.16,-159.64,21.58,10435,15794
55,21,989.21,22.12,-159.18,21.56,10436,16922
55,21,989.14,22.08,-158.60,21.54,10437,18322
55,21,989.08,22.03,-158.11,21.51,10438,19449
55,21,989.03,22.00,-157.65,21.50,10440,20849
55,21,989.00,21.98,-157.44,21.49,10441,21977
55,21,988.96,21.95,-157.03,21.48,10442,23375
55,21,988.90,21.91,-156.57,21.45,10443,24504
55,21,988.93,21.93,-156.85,21.47,10445,25903
55,21,988.95,21.95,-157.00,21.48,10446,27031
55,21,988.93,21.93,-156.82,21.47,10447,28431
55,21,988.91,21.92,-156.62,21.46,10448,29558
55,21,988.88,21.90,-156.42,21.45,10450,30958
55,21,988.89,21.90,-156.43,21.45,10451,32086
55,21,988.92,21.92,-156.69,21.46,10452,-32052
55,21,989.03,21.99,-157.65,21.49,10453,-30922
55,21,989.04,22.00,-157.79,21.50,10455,-29522
55,21,989.09,22.03,-158.17,21.51,10456,-28393
55,21,989.11,22.04,-158.34,21.52,10457,-26993
55,21,989.12,22.05,-158.41,21.52,10458,-25864
55,21,989.06,22.01,-157.88,21.51,10460,-24464
55,21,989.03,21.99,-157.67,21.49,10461,-23334
55,21,988.99,21.97,-157.32,21.49,10462,-21934
55,21,988.95,21.94,-156.97,21.47,10463,-20805
55,21,988.94,21.94,-156.88,21.47,10465,-19404
55,21,988.92,21.92,-156.69,21.46,10466,-18276
55,21,988.90,21.92,-156.59,21.46,10467,-16875
55,21,988.87,21.89,-156.18,21.44,10469,-15747
55,21,988.85,21.88,-156.10,21.44,10470,-14347
55,21,988.88,21.91,-156.41,21.45,10471,-13217
55,21,988.86,21.89,-156.18,21.44,10472,-11817
55,21,988.85,21.89,-156.15,21.44,10474,-10688
55,21,988.85,21.88,-156.08,21.44,10475,-9288
55,21,988.85,21.89,-156.13,21.44,10476,-8160
55,21,988.84,21.87,-156.01,21.44,10478,-6760
55,21,988.82,21.86,-155.88,21.43,10479,-5632
55,21,988.84,21.87,-156.02,21.44,10480,-4233
55,21,988.83,21.86,-155.96,21.43,10481,-3105
55,21,988.82,21.86,-155.90,21.43,10483,-1705
55,21,988.82,21.85,-155.83,21.42,10484,-578
55,21,988.87,21.89,-156.25,21.44,10485,820
55,21,988.93,21.93,-156.77,21.47,10486,1946
55,21,988.96,21.95,-157.07,21.48,10488,3344
55,21,989.03,22.00,-157.65,21.50,10489,4471
55,21,989.06,22.01,-157.93,21.51,10490,5870
55,21,989.13,22.06,-158.48,21.53,10491,6996
55,21,989.18,22.10,-158.93,21.55,10493,8395
55,21,989.21,22.11,-159.18,21.56,10494,9522
55,21,989.27,22.15,-159.68,21.58,10495,10919
55,21,989.31,22.18,-160.02,21.59,10496,12048
55,21,989.30,22.18,-159.97,21.59,10498,13447
55,21,989.30,22.18,-159.99,21.59,10499,14575
55,21,989.33,22.20,-160.22,21.60,10500,15974
55,21,989.35,22.21,-160.42,21.60,10501,17102
55,21,989.32,22.18,-160.11,21.59,10503,18502
55,21,989.31,22.18,-160.06,21.59,10504,19630
55,21,989.27,22.15,-159.71,21.58,10505,21029
55,21,989.29,22.17,-159.88,21.58,10506,22157
55,21,989.21,22.12,-159.24,21.56,10508,23557
55,21,989.17,22.09,-158.86,21.55,10509,24684
55,21,989.12,22.06,-158.45,21.53,10510,26083
55,21,989.08,22.02,-158.07,21.51,10512,27211
55,21,989.02,21.99,-157.61,21.49,10513,28610
55,21,988.99,21.96,-157.30,21.48,10514,29739
55,21,988.96,21.95,-157.08,21.48,10515,31137
55,21,988.95,21.94,-157.01,21.47,10517,32266
55,21,988.92,21.92,-156.73,21.46,10518,-31870
55,21,988.89,21.90,-156.46,21.45,10519,-30742
55,21,988.87,21.89,-156.31,21.44,10520,-29341
55,21,988.87,21.89,-156.28,21.44,10522,-28213
55,21,988.84,21.86,-156.02,21.43,10523,-26813
55,21,988.84,21.86,-156.05,21.43,10524,-25683
55,21,988.84,21.86,-156.04,21.43,10526,-24284
55,21,988.83,21.85,-155.91,21.42,10527,-23154
55,21,988.81,21.84,-155.81,21.42,10528,-21754
55,21,988.88,21.88,-156.33,21.44,10529,-20625
55,21,988.96,21.94,-157.04,21.47,10531,-19225
55,21,989.01,21.97,-157.53,21.49,10532,-18096
55,21,988.98,21.95,-157.24,21.48,10533,-16695
55,21,988.91,21.90,-156.66,21.45,10534,-15566
55,21,988.88,21.88,-156.38,21.44,10536,-14165
55,21,988.91,21.90,-156.60,21.45,10537,-13037
55,21,988.92,21.91,-156.73,21.45,10538,-11636
55,21,988.96,21.93,-157.03,21.47,10539,-10508
55,21,988.99,21.95,-157.29,21.48,10541,-9108
55,21,989.00,21.96,-157.42,21.48,10542,-7980
55,21,989.02,21.97,-157.60,21.49,10543,-6581
55,21,989.04,21.98,-157.75,21.49,10544,-5427
55,21,989.08,22.01,-158.12,21.51,10546,-4028
55,21,989.10,22.02,-158.27,21.51,10547,-2899
55,21,989.15,22.05,-158.68,21.52,10548,-1500
55,21,989.20,22.09,-159.11,21.55,10549,-372
55,21,989.26,22.12,-159.61,21.56,10551,1027
55,21,989.29,22.14,-159.89,21.57,10552,2153
55,21,989.27,22.13,-159.70,21.56,10553,3551
55,21,989.29,22.14,-159.87,21.57,10555,4678
55,21,989.28,22.13,-159.83,21.56,10556,6076
55,21,989.26,22.12,-159.63,21.56,10557,7203
55,21,989.24,22.11,-159.49,21.56,10558,8601
55,21,989.23,22.10,-159.33,21.55,10560,9729
55,21,989.27,22.13,-159.74,21.56,10561,11127
55,21,989.28,22.14,-159.84,21.57,10562,12255
55,21,989.28,22.14,-159.81,21.57,10563,13655
55,21,989.31,22.16,-160.07,21.58,10565,14782
55,21,989.34,22.18,-160.29,21.59,10566,16181
55,21,989.36,22.19,-160.47,21.60,10567,17309
55,21,989.35,22.18,-160.43,21.59,10569,18708
55,21,989.32,22.16,-160.14,21.58,10570,19836
55,21,989.27,22.12,-159.71,21.56,10571,21235
55,21,989.22,22.09,-159.30,21.55,10572,22364
55,21,989.17,22.06,-158.83,21.53,10574,23763
55,21,989.13,22.03,-158.54,21.51,10575,24891
55,21,989.11,22.02,-158.39,21.51,10576,26291
55,21,989.05,21.98,-157.85,21.49,10577,27418
55,21,989.00,21.95,-157.38,21.48,10579,28817
55,21,988.98,21.93,-157.22,21.47,10580,29945
55,21,988.94,21.91,-156.89,21.45,10581,31344
55,21,988.93,21.90,-156.79,21.45,10582,32473
55,21,988.91,21.89,-156.59,21.44,10584,-31665
55,21,988.90,21.89,-156.58,21.44,10585,-30535
55,21,988.91,21.89,-156.59,21.44,10586,-29135
55,21,988.90,21.89,-156.58,21.44,10587,-28006
55,21,988.89,21.89,-156.46,21.44,10589,-26605
55,21,988.87,21.88,-156.32,21.44,10590,-25477
55,21,988.86,21.87,-156.20,21.44,10591,-24076
55,21,988.86,21.87,-156.22,21.44,10592,-22947
55,21,988.84,21.86,-156.02,21.43,10594,-21546
55,21,988.84,21.85,-156.02,21.42,10595,-20418
55,21,988.84,21.86,-156.06,21.43,10596,-19018
55,21,988.84,21.86,-156.06,21.43,10597,-17889
55,21,988.85,21.86,-156.14,21.43,10599,-16489
55,21,988.86,21.87,-156.18,21.44,10600,-15359
55,21,988.90,21.90,-156.52,21.45,10601,-13960
55,21,988.89,21.89,-156.43,21.44,10603,-12830
55,21,988.88,21.88,-156.33,21.44,10604,-11429
55,21,988.87,21.88,-156.31,21.44,10605,-10301
55,21,988.86,21.88,-156.24,21.44,10606,-8899
55,21,988.86,21.87,-156.23,21.44,10608,-7772
55,21,988.87,21.88,-156.32,21.44,10609,-6372
55,21,988.85,21.86,-156.09,21.43,10610,-5244
55,21,988.84,21.86,-156.06,21.43,10612,-3846
55,21,988.83,21.86,-155.97,21.43,10613,-2717
55,21,988.86,21.88,-156.25,21.44,10614,-1318
55,21,988.86,21.88,-156.17,21.44,10615,-190
55,21,988.86,21.88,-156.18,21.44,10617,1208
55,21,988.85,21.87,-156.15,21.44,10618,2335
55,21,988.84,21.86,-156.05,21.43,10619,3734
55,21,988.85,21.86,-156.09,21.43,10620,4860
55,21,988.86,21.87,-156.20,21.44,10622,6259
55,21,988.85,21.87,-156.14,21.44,10623,7386
55,21,988.85,21.87,-156.11,21.44,10624,8783
55,21,988.85,21.87,-156.13,21.44,10625,9911
55,21,988.85,21.87,-156.15,21.44,10627,11309
55,21,988.86,21.87,-156.18,21.44,10628,12437
55,21,988.86,21.88,-156.20,21.44,10629,13836
55,21,988.86,21.88,-156.22,21.44,10630,14964
55,21,988.86,21.87,-156.20,21.44,10632,16364
55,21,988.84,21.86,-156.04,21.43,10633,17491
55,21,988.83,21.86,-155.99,21.43,10634,18891
55,21,988.83,21.86,-155.97,21.43,10635,20019
55,21,988.84,21.86,-156.01,21.43,10637,21417
55,21,988.82,21.85,-155.85,21.42,10638,22546
55,21,988.81,21.84,-155.79,21.42,10639,23945
55,21,988.81,21.84,-155.79,21.42,10640,25073
55,21,988.82,21.85,-155.86,21.42,10642,26472
55,21,988.82,21.85,-155.88,21.42,10643,27600
55,21,988.83,21.85,-155.91,21.42,10644,29000
55,21,988.83,21.85,-155.94,21.42,10645,30128
55,21,988.84,21.86,-156.05,21.43,10647,31527
55,21,988.85,21.87,-156.08,21.44,10648,32655
55,21,988.85,21.87,-156.08,21.44,10649,-31482
55,21,988.85,21.87,-156.09,21.44,10651,-30353
55,21,988.86,21.88,-156.20,21.44,10652,-28953
55,21,988.86,21.88,-156.22,21.44,10653,-27824
55,21,988.86,21.88,-156.17,21.44,10654,-26424
55,21,988.86,21.88,-156.17,21.44,10656,-25294
55,21,988.85,21.88,-156.14,21.44,10657,-23895
55,21,988.85,21.87,-156.11,21.44,10658,-22765
55,21,988.84,21.87,-156.07,21.44,10660,-21364
55,21,988.84,21.87,-156.04,21.44,10661,-20236
55,21,988.84,21.87,-156.05,21.44,10662,-18835
55,21,988.84,21.87,-155.99,21.44,10663,-17706
55,21,988.85,21.89,-156.16,21.44,10665,-16306
55,21,988.85,21.88,-156.10,21.44,10666,-15177
55,21,988.85,21.88,-156.12,21.44,10667,-13777
55,21,988.85,21.89,-156.15,21.44,10668,-12648
55,21,988.85,21.89,-156.15,21.44,10670,-11248
55,21,988.86,21.89,-156.22,21.44,10671,-10119
56,21,988.84,21.88,-156.01,21.44,10672,-8719
56,21,988.83,21.87,-155.93,21.44,10673,-7590
56,21,988.83,21.87,-155.92,21.44,10675,-6191
56,21,988.83,21.87,-155.93,21.44,10676,-5063
56,21,988.80,21.86,-155.71,21.43,10677,-3664
56,21,988.80,21.86,-155.73,21.43,10678,-2536
56,21,988.81,21.86,-155.75,21.43,10680,-1136
56,21,988.81,21.86,-155.78,21.43,10681,-9
56,21,988.82,21.86,-155.84,21.43,10682,1388
56,21,988.81,21.86,-155.80,21.43,10683,2514
56,21,988.79,21.84,-155.59,21.42,10685,3912
56,21,988.77,21.83,-155.40,21.42,10686,5040
56,21,988.75,21.82,-155.31,21.41,10687,6438
56,21,988.75,21.82,-155.29,21.41,10688,7565
56,21,988.75,21.82,-155.29,21.41,10690,8963
56,21,988.76,21.82,-155.37,21.41,10691,10090
56,21,988.75,21.81,-155.24,21.40,10692,11489
56,21,988.75,21.81,-155.28,21.40,10694,12617
56,21,988.77,21.83,-155.41,21.42,10695,14017
56,21,988.79,21.84,-155.58,21.42,10696,15144
56,21,988.79,21.84,-155.58,21.42,10697,16543
56,21,988.79,21.84,-155.60,21.42,10699,17672
56,21,988.81,21.85,-155.74,21.42,10700,19070
56,21,988.79,21.84,-155.63,21.42,10701,20199
56,21,988.81,21.85,-155.75,21.42,10703,21599
56,21,988.80,21.85,-155.70,21.42,10704,22726
56,21,988.77,21.83,-155.40,21.42,10705,24125
56,21,988.76,21.83,-155.37,21.42,10706,25253
55,21,988.74,21.81,-155.17,21.40,10708,26652
55,21,988.75,21.82,-155.27,21.41,10709,27781
55,21,988.76,21.83,-155.36,21.42,10710,29180
55,21,988.77,21.83,-155.46,21.42,10711,30308
55,21,988.77,21.84,-155.48,21.42,10713,31707
55,21,988.79,21.85,-155.65,21.42,10714,-32701
55,21,988.80,21.85,-155.71,21.42,10715,-31301
55,21,988.80,21.85,-155.69,21.42,10716,-30172
55,21,988.80,21.85,-155.69,21.42,10718,-28771
55,21,988.81,21.85,-155.74,21.42,10719,-27642
55,21,988.81,21.86,-155.80,21.43,10720,-26243
55,21,988.83,21.87,-155.92,21.44,10721,-25113
55,21,988.84,21.87,-156.01,21.44,10723,-23713
55,21,988.84,21.87,-156.02,21.44,10724,-22584
55,21,988.83,21.87,-155.97,21.44,10725,-21183
55,21,988.83,21.86,-155.95,21.43,10726,-20055
55,21,988.83,21.86,-155.93,21.43,10728,-18654
55,21,988.83,21.86,-155.93,21.43,10729,-17525
55,21,988.82,21.85,-155.84,21.42,10730,-16125
55,21,988.83,21.86,-155.92,21.43,10731,-14996
55,21,988.82,21.85,-155.86,21.42,10733,-13596
55,21,988.82,21.86,-155.88,21.43,10734,-12467
55,21,988.86,21.89,-156.21,21.44,10735,-11066
55,21,988.87,21.89,-156.25,21.44,10737,-9937
55,21,988.89,21.90,-156.42,21.45,10738,-8539
55,21,988.88,21.89,-156.35,21.44,10739,-7410
55,21,988.88,21.90,-156.36,21.45,10740,-6011
55,21,988.86,21.88,-156.17,21.44,10742,-4883
55,21,988.85,21.88,-156.16,21.44,10743,-3483
55,21,988.86,21.88,-156.17,21.44,10744,-2356
55,21,988.85,21.87,-156.09,21.44,10745,-956
55,21,988.84,21.87,-156.06,21.44,10747,171
55,21,988.89,21.90,-156.49,21.45,10748,1567
55,21,988.87,21.89,-156.32,21.44,10749,2695
55,21,988.86,21.88,-156.22,21.44,10751,4093
55,21,988.86,21.88,-156.22,21.44,10752,5220
55,21,988.86,21.88,-156.17,21.44,10753,6618
55,21,988.86,21.88,-156.17,21.44,10754,7745
55,21,988.85,21.87,-156.11,21.44,10756,9143
55,21,988.84,21.86,-156.02,21.43,10757,10270
55,21,988.84,21.87,-156.07,21.44,10758,11670
55,21,988.84,21.87,-156.05,21.44,10759,12797
55,21,988.84,21.86,-156.02,21.43,10761,14196
55,21,988.83,21.86,-155.92,21.43,10762,15325
55,21,988.84,21.86,-156.01,21.43,10763,16723
55,21,988.83,21.86,-155.97,21.43,10764,17852
55,21,988.83,21.86,-155.95,21.43,10766,19252
55,21,988.85,21.88,-156.10,21.44,10767,20379
55,21,988.87,21.89,-156.27,21.44,10768,21778
55,21,988.85,21.88,-156.10,21.44,10769,22906
55,21,988.85,21.88,-156.13,21.44,10771,24305
55,21,988.84,21.87,-156.04,21.44,10772,25434
55,21,988.84,21.87,-155.99,21.44,10773,26833
55,21,988.82,21.86,-155.87,21.43,10774,27961
55,21,988.82,21.87,-155.90,21.44,10776,29361
55,21,988.83,21.87,-155.93,21.44,10777,30488
55,21,988.82,21.87,-155.90,21.44,10778,31887
55,21,988.82,21.87,-155.89,21.44,10779,-32521
55,21,988.81,21.86,-155.81,21.43,10781,-31120
55,21,988.82,21.86,-155.84,21.43,10782,-29991
55,21,988.83,21.87,-155.93,21.44,10783,-28591
55,21,988.82,21.87,-155.87,21.44,10785,-27462
55,21,988.84,21.88,-156.01,21.44,10786,-26062
55,21,988.85,21.89,-156.12,21.44,10787,-24933
55,21,988.85,21.89,-156.12,21.44,10788,-23533
55,21,988.87,21.90,-156.25,21.45,10790,-22404
55,21,988.88,21.91,-156.38,21.45,10791,-21003
55,21,988.87,21.91,-156.33,21.45,10792,-19874
55,21,988.87,21.90,-156.30,21.45,10794,-18474
55,21,988.86,21.90,-156.20,21.45,10795,-17345
55,21,988.86,21.90,-156.24,21.45,10796,-15945
55,21,988.87,21.90,-156.25,21.45,10797,-14816
55,21,988.86,21.89,-156.21,21.44,10799,-13415
55,21,988.86,21.89,-156.16,21.44,10800,-12286
55,21,988.85,21.88,-156.10,21.44,10801,-10886
55,21,988.85,21.88,-156.13,21.44,10802,-9757
55,21,988.85,21.88,-156.16,21.44,10804,-8358
55,21,988.86,21.89,-156.19,21.44,10805,-7230
55,21,988.85,21.88,-156.17,21.44,10806,-5831
55,21,988.86,21.89,-156.22,21.44,10807,-4703
55,21,988.87,21.89,-156.28,21.44,10809,-3303
55,21,988.86,21.89,-156.21,21.44,10810,-2145
55,21,988.86,21.89,-156.22,21.44,10811,-746
55,21,988.85,21.88,-156.16,21.44,10812,381
55,21,988.85,21.87,-156.08,21.44,10814,1779
55,21,988.85,21.88,-156.14,21.44,10815,2906
55,21,988.87,21.89,-156.25,21.44,10816,4303
55,21,988.85,21.87,-156.13,21.44,10817,5431
55,21,988.87,21.89,-156.31,21.44,10819,6829
55,21,988.86,21.88,-156.22,21.44,10820,7956
55,21,988.87,21.89,-156.28,21.44,10821,9355
55,21,988.88,21.89,-156.34,21.44,10822,10481
55,21,988.89,21.90,-156.48,21.45,10824,11880
55,21,988.89,21.90,-156.46,21.45,10825,13008
55,21,988.89,21.90,-156.49,21.45,10826,14407
55,21,988.90,21.90,-156.55,21.45,10828,15536
55,21,988.90,21.89,-156.51,21.44,10829,16935
55,21,988.87,21.88,-156.31,21.44,10830,18063
55,21,988.87,21.87,-156.26,21.44,10831,19462
55,21,988.86,21.87,-156.21,21.44,10833,20590
55,21,988.86,21.86,-156.17,21.43,10834,21989
55,21,988.85,21.86,-156.12,21.43,10835,23117
55,21,988.86,21.86,-156.20,21.43,10836,24517
55,21,988.87,21.87,-156.30,21.44,10838,25645
55,21,988.87,21.87,-156.29,21.44,10839,27046
55,21,988.86,21.86,-156.21,21.43,10840,28174
55,21,988.87,21.87,-156.29,21.44,10842,29573
55,21,988.87,21.87,-156.26,21.44,10843,30701
55,21,988.86,21.87,-156.23,21.44,10844,32100
55,21,988.87,21.87,-156.26,21.44,10845,-32308
55,21,988.86,21.87,-156.18,21.44,10847,-30907
55,21,988.90,21.89,-156.51,21.44,10848,-29778
55,21,988.98,21.95,-157.19,21.48,10849,-28379
